{"cx":955.4346,"frames":[{"h":1440,"fl_y":1439.002,"cx":955.4346,"timestamp":342423.639322833,"transform_matrix":[[0.99994916,-0.009052365,-0.004447129,-0.0012494588],[0.009907447,0.9641713,0.2650951,-0.001149576],[0.0018880494,-0.2651257,0.964212,0.000985663],[0,0,0,0.9999998]],"fl_x":1439.002,"file_path":"images/0","cy":730.18036,"w":1920},{"transform_matrix":[[0.99982715,-0.010453302,-0.01537161,-0.038091186],[0.014090021,0.96554345,0.2598602,-0.0008326458],[0.01212556,-0.26003188,0.96552396,-0.0027688006],[0,0,0,0.99999994]],"fl_x":1439.0565,"h":1440,"w":1920,"fl_y":1439.0565,"cy":730.20575,"timestamp":342424.789704708,"file_path":"images/1","cx":955.55316},{"timestamp":342425.906742375,"fl_y":1439.0382,"h":1440,"transform_matrix":[[0.99710286,0.010260153,-0.07537084,-0.11655031],[0.009798805,0.96527994,0.2610338,0.00037176162],[0.07543222,-0.26101607,0.96238285,-0.014176628],[0,0,0,1]],"cx":955.38556,"fl_x":1439.0382,"file_path":"images/2","cy":730.1733,"w":1920},{"h":1440,"cy":730.2296,"file_path":"images/3","cx":955.43005,"transform_matrix":[[0.9928726,0.0173271,-0.11791419,-0.19214644],[0.012947937,0.9678367,0.2512459,-0.0028573293],[0.11847505,-0.2509819,0.9607142,-0.10033507],[0,0,0,1]],"w":1920,"timestamp":342426.857057666,"fl_x":1438.9764,"fl_y":1438.9764},{"w":1920,"fl_y":1439.594,"fl_x":1439.594,"cx":955.4717,"file_path":"images/4","timestamp":342427.940750375,"transform_matrix":[[0.9762026,0.03711299,-0.21366107,-0.32887888],[0.021221405,0.96416974,0.2644357,0.0026328296],[0.21581952,-0.26267698,0.94043744,-0.1998362],[0,0,0,0.99999994]],"h":1440,"cy":730.2299},{"file_path":"images/5","transform_matrix":[[0.9372164,0.07571658,-0.3404295,-0.4943202],[0.017416568,0.96476734,0.2625271,-0.0009960147],[0.34831294,-0.25197387,0.90287715,-0.28205168],[0,0,0,0.99999994]],"timestamp":342428.807704333,"fl_x":1440.2699,"fl_y":1440.2699,"cy":730.1345,"h":1440,"w":1920,"cx":955.3217},{"h":1440,"cx":955.2501,"fl_y":1440.8729,"fl_x":1440.8729,"cy":730.16174,"transform_matrix":[[0.9230705,0.07272547,-0.37769306,-0.56204975],[0.033122014,0.9632846,0.2664314,-0.0014789496],[0.3832022,-0.25844485,0.8867708,-0.33469334],[0,0,0,1]],"timestamp":342429.691331333,"file_path":"images/6","w":1920},{"fl_y":1440.9166,"transform_matrix":[[0.8906088,0.09123422,-0.4455247,-0.64644724],[0.0362145,0.96233076,0.26945862,-0.007761789],[0.453326,-0.25611672,0.8537563,-0.4367482],[0,0,0,0.99999994]],"timestamp":342430.591630875,"file_path":"images/7","cx":955.24756,"fl_x":1440.9166,"w":1920,"h":1440,"cy":730.22766},{"transform_matrix":[[0.8399728,0.13242435,-0.526222,-0.78010243],[0.018494293,0.9622146,0.27166358,0.0012638712],[0.5423133,-0.23792212,0.805785,-0.52216005],[0,0,0,0.99999994]],"cy":730.18677,"fl_x":1441.6031,"w":1920,"cx":955.3866,"timestamp":342431.491930833,"fl_y":1441.6031,"file_path":"images/8","h":1440},{"fl_y":1441.6031,"timestamp":342432.358886625,"cy":730.2006,"w":1920,"cx":955.19745,"h":1440,"file_path":"images/9","fl_x":1441.6031,"transform_matrix":[[0.77954227,0.14879198,-0.60841995,-0.8863369],[0.02692723,0.96251506,0.26988834,-0.0035437383],[0.62577057,-0.22677246,0.7463146,-0.57868326],[0,0,0,1]]},{"cy":730.27594,"fl_x":1441.5632,"file_path":"images/10","transform_matrix":[[0.75704694,0.1608177,-0.6332595,-0.94199723],[0.024744963,0.96148175,0.2737525,-0.0068697943],[0.65289164,-0.2229135,0.7239075,-0.6411571],[0,0,0,0.99999994]],"timestamp":342433.259187041,"fl_y":1441.5632,"w":1920,"h":1440,"cx":955.207},{"cx":955.32007,"timestamp":342434.292865666,"w":1920,"transform_matrix":[[0.70731133,0.17646338,-0.68452275,-1.0228419],[0.028456362,0.9604489,0.27699822,-0.009721613],[0.70632917,-0.215403,0.6743149,-0.76097614],[0,0,0,1]],"h":1440,"file_path":"images/11","fl_x":1441.7885,"fl_y":1441.7885,"cy":730.27856},{"cx":955.35205,"transform_matrix":[[0.6016295,0.22109504,-0.767567,-1.149542],[0.012865636,0.9581229,0.28606826,-0.0069867624],[0.7986717,-0.18198234,0.57359046,-0.8755208],[0,0,0,1]],"file_path":"images/12","h":1440,"timestamp":342435.17649425,"fl_y":1442.2644,"cy":730.18854,"fl_x":1442.2644,"w":1920},{"cy":730.2121,"cx":955.2504,"file_path":"images/13","timestamp":342435.993434083,"fl_x":1442.2753,"w":1920,"h":1440,"fl_y":1442.2753,"transform_matrix":[[0.5402059,0.22838284,-0.8099499,-1.2153215],[0.018216979,0.95907044,0.28258064,-0.00842875],[0.84133565,-0.16740659,0.51393515,-0.93585354],[0,0,0,0.99999994]]},{"cy":730.2077,"h":1440,"fl_x":1442.2935,"transform_matrix":[[0.52596265,0.22871928,-0.81917685,-1.2443926],[0.034778457,0.95657283,0.2894111,-0.012798474],[0.84979624,-0.18070914,0.49516714,-0.98843277],[0,0,0,1]],"cx":955.1829,"w":1920,"file_path":"images/14","fl_y":1442.2935,"timestamp":342436.910407583},{"w":1920,"timestamp":342437.744020125,"fl_x":1442.8676,"fl_y":1442.8676,"cx":955.2965,"h":1440,"transform_matrix":[[0.50525105,0.21661726,-0.8353433,-1.2440504],[0.036146868,0.961822,0.2712783,-0.0129428245],[0.8622151,-0.16725868,0.47813156,-1.0438646],[0,0,0,0.99999994]],"file_path":"images/15","cy":730.23224},{"transform_matrix":[[0.46545675,0.2353929,-0.85319406,-1.2460566],[0.038810782,0.9576285,0.28537902,-0.015146158],[0.8842192,-0.16594476,0.43659896,-1.111355],[0,0,0,0.9999999]],"fl_x":1442.8058,"fl_y":1442.8058,"h":1440,"w":1920,"cx":955.18756,"timestamp":342438.594304875,"cy":730.213,"file_path":"images/16"},{"h":1440,"cx":955.29254,"cy":730.2363,"fl_y":1442.7367,"file_path":"images/17","w":1920,"transform_matrix":[[0.42511746,0.24668248,-0.87087476,-1.2662486],[0.043365534,0.95548975,0.2918193,-0.008840533],[0.9040987,-0.16182344,0.39549792,-1.1891898],[0,0,0,0.99999994]],"timestamp":342439.461261958,"fl_x":1442.7367},{"file_path":"images/18","h":1440,"cx":955.1057,"w":1920,"cy":730.11615,"fl_y":1443.3688,"fl_x":1443.3688,"timestamp":342440.244857916,"transform_matrix":[[0.3576988,0.25577164,-0.89812714,-1.317881],[0.03422111,0.95752376,0.28631616,-0.007625003],[0.9332098,-0.13314986,0.3337524,-1.2697977],[0,0,0,0.99999994]]},{"cx":955.15894,"timestamp":342441.161832083,"fl_y":1442.7367,"transform_matrix":[[0.32410157,0.2551179,-0.91097367,-1.3427552],[0.03658271,0.9588514,0.28154126,-0.013125257],[0.94531465,-0.12457386,0.3014324,-1.3210171],[0,0,0,0.99999994]],"h":1440,"fl_x":1442.7367,"cy":730.1922,"file_path":"images/19","w":1920},{"w":1920,"cy":730.13947,"cx":955.2615,"file_path":"images/20","timestamp":342441.878739208,"transform_matrix":[[0.28653458,0.27097502,-0.9189508,-1.3136119],[0.040733818,0.9548559,0.2942636,-0.021047827],[0.9572037,-0.12174907,0.2625614,-1.3905287],[0,0,0,1]],"fl_x":1442.7294,"fl_y":1442.7294,"h":1440},{"cy":730.12616,"fl_x":1442.8202,"w":1920,"fl_y":1442.8202,"timestamp":342442.812385833,"transform_matrix":[[0.22837305,0.28578398,-0.93068427,-1.2908163],[0.04616724,0.951692,0.3035634,-0.01758898],[0.9724784,-0.112292826,0.20414698,-1.4744105],[0,0,0,0.9999999]],"cx":954.97015,"file_path":"images/21","h":1440},{"cx":955.225,"h":1440,"transform_matrix":[[0.1389965,0.29363886,-0.9457569,-1.3017317],[0.04567527,0.9521101,0.30232427,-0.022678996],[0.9892389,-0.085219726,0.11892794,-1.5561866],[0,0,0,0.99999994]],"fl_x":1443.3397,"timestamp":342443.612654541,"cy":730.1112,"w":1920,"fl_y":1443.3397,"file_path":"images/22"},{"transform_matrix":[[0.03328344,0.30182582,-0.95278186,-1.3551698],[0.040591646,0.9521152,0.3030326,-0.015544974],[0.9986212,-0.04876096,0.019438067,-1.6669793],[0,0,0,0.9999999]],"file_path":"images/23","timestamp":342444.379578958,"cy":730.17615,"w":1920,"cx":955.0458,"fl_y":1442.7294,"h":1440,"fl_x":1442.7294},{"timestamp":342445.229864708,"w":1920,"cy":730.15875,"fl_x":1442.1481,"file_path":"images/24","fl_y":1442.1481,"h":1440,"transform_matrix":[[-0.028408611,0.30433634,-0.95214087,-1.3872064],[0.04879049,0.95181215,0.30277553,-0.018258428],[0.9984049,-0.037853986,-0.04188839,-1.7742954],[0,0,0,0.9999999]],"cx":955.1191},{"timestamp":342446.06347825,"h":1440,"file_path":"images/25","w":1920,"fl_y":1441.5741,"fl_x":1441.5741,"cx":955.06995,"transform_matrix":[[-0.06508245,0.29844502,-0.95220536,-1.4110696],[0.054031625,0.9538824,0.29527768,-0.015384477],[0.9964161,-0.0322318,-0.07820649,-1.8294958],[0,0,0,1]],"cy":730.161},{"file_path":"images/26","transform_matrix":[[-0.13556904,0.2792102,-0.9506118,-1.3707793],[0.052486975,0.96014637,0.27452537,-0.022285806],[0.98937666,-0.012677595,-0.14482105,-1.9341283],[0,0,0,1]],"w":1920,"fl_x":1441.4833,"timestamp":342447.247209583,"cx":955.0277,"fl_y":1441.4833,"cy":730.1774,"h":1440},{"transform_matrix":[[-0.17543872,0.28960982,-0.9409292,-1.337574],[0.05168251,0.9571439,0.28496426,-0.011482016],[0.9831329,0.001364181,-0.18288785,-1.9905019],[0,0,0,1]],"fl_y":1441.5414,"timestamp":342448.130840041,"w":1920,"cx":955.16614,"fl_x":1441.5414,"h":1440,"cy":730.2064,"file_path":"images/27"},{"fl_y":1441.5087,"file_path":"images/28","fl_x":1441.5087,"cx":955.1936,"timestamp":342448.931109416,"transform_matrix":[[-0.28961706,0.28349286,-0.9141958,-1.328764],[0.044042073,0.95806557,0.28314438,-0.002982637],[0.9561288,0.041740373,-0.28995776,-2.1345723],[0,0,0,1]],"h":1440,"w":1920,"cy":730.1978},{"transform_matrix":[[-0.38787985,0.266424,-0.88236475,-1.3412005],[0.059611123,0.96255976,0.26443383,0.001685774],[0.9197803,0.049969807,-0.3892394,-2.2518907],[0,0,0,1]],"fl_x":1441.5087,"timestamp":342449.748051041,"fl_y":1441.5087,"file_path":"images/29","h":1440,"cx":955.067,"cy":730.12695,"w":1920},{"file_path":"images/30","w":1920,"cy":730.24414,"timestamp":342450.581665041,"cx":954.91736,"h":1440,"fl_y":1440.4042,"fl_x":1440.4042,"transform_matrix":[[-0.45818225,0.2575463,-0.8507286,-1.332707],[0.0663105,0.9643395,0.25622714,-0.0027485546],[0.8863814,0.060986497,-0.45892128,-2.3259592],[0,0,0,1]]},{"file_path":"images/31","w":1920,"transform_matrix":[[-0.5029547,0.24189216,-0.8297739,-1.266065],[0.059632953,0.9674629,0.24588509,-0.0038152114],[0.86225325,0.07418718,-0.50101477,-2.370902],[0,0,0,1]],"cx":955.03827,"cy":730.25726,"fl_y":1439.7177,"timestamp":342451.415279083,"h":1440,"fl_x":1439.7177},{"cy":730.26355,"w":1920,"fl_y":1439.7502,"transform_matrix":[[-0.5459658,0.24639669,-0.800756,-1.2137971],[0.06622324,0.9654769,0.25193033,0.0054438836],[0.8351861,0.0845167,-0.54343456,-2.4327579],[0,0,0,0.99999994]],"cx":955.0254,"fl_x":1439.7502,"h":1440,"file_path":"images/32","timestamp":342452.265565416},{"timestamp":342453.0324905,"h":1440,"w":1920,"cy":730.2643,"fl_y":1439.7831,"cx":955.1241,"fl_x":1439.7831,"transform_matrix":[[-0.65399176,0.22517948,-0.7222111,-1.1413115],[0.04801478,0.96510273,0.25743172,0.01198521],[0.75497633,0.13368142,-0.6419812,-2.558165],[0,0,0,0.99999994]],"file_path":"images/33"},{"transform_matrix":[[-0.71846074,0.21800567,-0.6605208,-1.0916098],[0.054024585,0.96423525,0.25948346,0.007681381],[0.69346625,0.15074432,-0.7045428,-2.6596653],[0,0,0,1]],"h":1440,"fl_y":1439.6995,"fl_x":1439.6995,"cx":954.98444,"cy":730.22705,"w":1920,"file_path":"images/34","timestamp":342453.799415666},{"transform_matrix":[[-0.7455645,0.21336228,-0.63135576,-1.0670829],[0.0646829,0.9660597,0.25008944,0.0041821296],[0.663287,0.1456199,-0.73406076,-2.6940646],[0,0,0,0.99999994]],"timestamp":342454.33292875,"fl_y":1439.7758,"w":1920,"h":1440,"cy":730.2778,"cx":954.945,"file_path":"images/35","fl_x":1439.7758},{"file_path":"images/36","fl_y":1439.169,"transform_matrix":[[-0.7727736,0.2002318,-0.6022693,-0.99395293],[0.0563663,0.9668331,0.24911176,-4.1816384e-05],[0.6321739,0.15855928,-0.7584294,-2.7275774],[0,0,0,1]],"w":1920,"cy":730.26184,"h":1440,"timestamp":342455.133198541,"cx":955.04846,"fl_x":1439.169},{"cx":954.98517,"fl_y":1439.1799,"w":1920,"file_path":"images/37","transform_matrix":[[-0.80118775,0.19684553,-0.56511056,-0.9160637],[0.06155821,0.96644974,0.24937001,0.0031945352],[0.5952383,0.165005,-0.7864252,-2.764962],[0,0,0,1]],"cy":730.1728,"h":1440,"fl_x":1439.1799,"timestamp":342456.000157166},{"fl_y":1439.6449,"cy":730.2531,"cx":955.1146,"w":1920,"timestamp":342456.65037625,"fl_x":1439.6449,"h":1440,"transform_matrix":[[-0.8617441,0.17365241,-0.47669908,-0.82833356],[0.047980867,0.9632823,0.26416892,0.007794164],[0.50506926,0.20477358,-0.8384349,-2.8340325],[0,0,0,1]],"file_path":"images/38"},{"cy":730.2212,"w":1920,"cx":955.0677,"timestamp":342457.483990375,"fl_x":1439.623,"fl_y":1439.623,"h":1440,"transform_matrix":[[-0.9004167,0.15244853,-0.40744236,-0.7601591],[0.047442082,0.96541244,0.25637507,0.007624278],[0.43243393,0.2115145,-0.876506,-2.9039776],[0,0,0,1]],"file_path":"images/39"},{"h":1440,"w":1920,"cx":955.0651,"fl_y":1439.6086,"timestamp":342458.267587625,"file_path":"images/40","fl_x":1439.6086,"cy":730.26746,"transform_matrix":[[-0.9165923,0.15064543,-0.37035733,-0.71002257],[0.056397785,0.9657555,0.25324968,0.0053159744],[0.39582556,0.21123938,-0.89370024,-2.9542532],[0,0,0,1]]},{"timestamp":342459.084529625,"file_path":"images/41","cx":955.07715,"cy":730.2981,"h":1440,"transform_matrix":[[-0.9224119,0.16009945,-0.35146037,-0.647544],[0.0652191,0.9615328,0.26683518,-0.0033890407],[0.38066086,0.22321007,-0.89737093,-2.9476511],[0,0,0,0.99999994]],"fl_x":1439.6304,"w":1920,"fl_y":1439.6304},{"h":1440,"file_path":"images/42","cy":730.2409,"w":1920,"fl_x":1439.5723,"transform_matrix":[[-0.9389543,0.15351643,-0.30789232,-0.55004305],[0.072647676,0.9632175,0.25871667,0.002608981],[0.33628458,0.22055547,-0.9155699,-2.954394],[0,0,0,1]],"cx":955.09546,"timestamp":342459.868126833,"fl_y":1439.5723},{"transform_matrix":[[-0.9602312,0.14171909,-0.24056591,-0.4641283],[0.07024691,0.9565156,0.28309596,0.0035007037],[0.27022514,0.25493854,-0.9284314,-2.9782047],[0,0,0,1]],"fl_y":1439.6013,"timestamp":342460.685068666,"cy":730.201,"h":1440,"file_path":"images/43","cx":954.90344,"fl_x":1439.6013,"w":1920},{"transform_matrix":[[-0.97712654,0.09630509,-0.18960229,-0.36494532],[0.041047104,0.9602259,0.27619085,0.013061426],[0.2086596,0.2620908,-0.9422153,-3.0017817],[0,0,0,0.9999999]],"file_path":"images/44","fl_y":1440.3135,"cy":730.21924,"timestamp":342461.40197675,"fl_x":1440.3135,"w":1920,"h":1440,"cx":955.07544},{"w":1920,"h":1440,"file_path":"images/45","timestamp":342462.185573916,"cy":730.21985,"cx":955.20056,"fl_y":1439.5687,"fl_x":1439.5687,"transform_matrix":[[-0.98977566,0.08062137,-0.11766227,-0.27744436],[0.046590097,0.9624227,0.26752925,0.014384516],[0.1348094,0.25931203,-0.95633876,-3.042348],[0,0,0,1]]},{"fl_x":1439.5833,"cy":730.2784,"transform_matrix":[[-0.9917252,0.07995917,-0.10043803,-0.20928425],[0.05067082,0.96263164,0.2660317,0.012073528],[0.11795649,0.25874105,-0.9587176,-3.0774448],[0,0,0,1]],"cx":954.9861,"w":1920,"fl_y":1439.5833,"file_path":"images/46","h":1440,"timestamp":342462.96917125},{"cy":730.2573,"h":1440,"transform_matrix":[[-0.9969349,0.05131518,-0.059056804,-0.14302294],[0.03435162,0.96530026,0.25887328,0.009982956],[0.070291676,0.2560511,-0.96410424,-3.0383003],[0,0,0,0.99999994]],"w":1920,"file_path":"images/47","cx":955.0821,"fl_y":1439.714,"fl_x":1439.714,"timestamp":342463.73609625},{"h":1440,"fl_y":1439.7103,"w":1920,"file_path":"images/48","transform_matrix":[[-0.9989131,0.046602942,-0.0008521469,-0.053859107],[0.044736054,0.9637096,0.26317748,0.013413466],[0.013086067,0.2628533,-0.964747,-2.994784],[0,0,0,0.9999999]],"cx":955.1594,"timestamp":342464.5196935,"fl_x":1439.7103,"cy":730.2725},{"fl_y":1439.5287,"cy":730.2151,"transform_matrix":[[-0.9977527,0.036029994,0.056491863,0.028657632],[0.05014256,0.9607471,0.27285638,0.016342057],[-0.044443376,0.27507585,-0.96039474,-2.983879],[0,0,0,0.99999994]],"w":1920,"fl_x":1439.5287,"cx":955.2134,"timestamp":342465.303290958,"file_path":"images/49","h":1440},{"fl_y":1440.299,"cy":730.19183,"file_path":"images/50","cx":955.1935,"fl_x":1440.299,"timestamp":342466.086888291,"w":1920,"transform_matrix":[[-0.9788643,-0.006850892,0.20439601,0.15827885],[0.048593987,0.9630238,0.26499784,0.019716596],[-0.19865368,0.2693293,-0.94233674,-2.9877284],[0,0,0,0.99999994]],"h":1440},{"fl_x":1440.288,"file_path":"images/51","transform_matrix":[[-0.9651977,-0.015360595,0.26107016,0.2584928],[0.05186362,0.96720356,0.24865144,0.014155351],[-0.2563274,0.25353783,-0.93274593,-2.9927425],[0,0,0,1]],"cx":955.0707,"fl_y":1440.288,"timestamp":342466.820468791,"cy":730.21,"w":1920,"h":1440},{"transform_matrix":[[-0.9591485,-0.02342754,0.28193146,0.2995187],[0.050846107,0.9660616,0.2532581,0.007077422],[-0.27829632,0.25724724,-0.9254054,-2.966191],[0,0,0,1]],"cx":955.0671,"timestamp":342467.587393833,"h":1440,"w":1920,"fl_x":1440.2517,"fl_y":1440.2517,"cy":730.24365,"file_path":"images/52"},{"file_path":"images/53","transform_matrix":[[-0.9394689,-0.04296647,0.3399296,0.3604814],[0.04483336,0.9681611,0.24628045,0.016119987],[-0.33968842,0.24661301,-0.907631,-2.9016185],[0,0,0,1]],"h":1440,"w":1920,"timestamp":342468.337646791,"cx":955.1709,"fl_x":1440.3534,"fl_y":1440.3534,"cy":730.3006},{"w":1920,"fl_y":1440.2844,"h":1440,"fl_x":1440.2844,"transform_matrix":[[-0.92863345,-0.050897606,0.36749077,0.3972286],[0.04890168,0.96510935,0.2572405,0.017365888],[-0.36776164,0.256853,-0.8937438,-2.8495212],[0,0,0,1]],"file_path":"images/54","timestamp":342469.087899666,"cx":955.0078,"cy":730.2092},{"h":1440,"transform_matrix":[[-0.9128381,-0.06703158,0.40278196,0.4533506],[0.04347196,0.9648723,0.2590974,0.017478818],[-0.4060009,0.2540237,-0.8778583,-2.7844656],[0,0,0,0.99999994]],"fl_y":1440.2444,"file_path":"images/55","cx":955.194,"timestamp":342469.804808,"w":1920,"cy":730.249,"fl_x":1440.2444},{"h":1440,"w":1920,"fl_x":1440.9492,"cy":730.3197,"timestamp":342470.405010333,"fl_y":1440.9492,"transform_matrix":[[-0.8781247,-0.074264996,0.4726328,0.52356464],[0.053065687,0.9666649,0.2504855,0.0203574],[-0.4754798,0.2450381,-0.8449115,-2.7198884],[0,0,0,1]],"cx":955.18835,"file_path":"images/56"},{"fl_y":1440.902,"fl_x":1440.902,"timestamp":342471.155263291,"cx":955.056,"w":1920,"h":1440,"transform_matrix":[[-0.8397098,-0.09788439,0.5341407,0.58951825],[0.050289676,0.9653758,0.2559699,0.022267498],[-0.54070187,0.24180219,-0.80571294,-2.6853344],[0,0,0,1]],"file_path":"images/57","cy":730.1933},{"h":1440,"fl_x":1440.9492,"cy":730.29645,"timestamp":342471.972205125,"file_path":"images/58","w":1920,"fl_y":1440.9492,"transform_matrix":[[-0.7979209,-0.12823719,0.5889631,0.65007704],[0.032972693,0.9663576,0.2550798,0.014881469],[-0.6018596,0.22295323,-0.7668486,-2.6631567],[0,0,0,1]],"cx":955.09174},{"fl_x":1440.9674,"transform_matrix":[[-0.77894926,-0.13561288,0.61224765,0.6722653],[0.03526099,0.96531934,0.25868002,0.0126359835],[-0.6260949,0.22308709,-0.7471529,-2.6173193],[0,0,0,1]],"file_path":"images/59","cx":955.23126,"fl_y":1440.9674,"timestamp":342472.65576875,"w":1920,"h":1440,"cy":730.2636},{"cx":955.2345,"fl_y":1440.9529,"w":1920,"fl_x":1440.9529,"h":1440,"timestamp":342473.305987833,"file_path":"images/60","transform_matrix":[[-0.74908817,-0.14164972,0.6471494,0.7064237],[0.041064553,0.96506596,0.25876918,0.011988291],[-0.66119635,0.22041585,-0.71710265,-2.537579],[0,0,0,0.99999994]],"cy":730.26355},{"timestamp":342474.122929791,"h":1440,"fl_y":1441.5232,"cy":730.2483,"w":1920,"transform_matrix":[[-0.7105855,-0.14212272,0.6891078,0.73557204],[0.061338667,0.9631462,0.26189128,0.009206163],[-0.70093215,0.2283651,-0.67568004,-2.473583],[0,0,0,1]],"cx":955.1295,"fl_x":1441.5232,"file_path":"images/61"},{"file_path":"images/62","h":1440,"transform_matrix":[[-0.64358777,-0.16953537,0.74635965,0.8018491],[0.051424883,0.9633767,0.2631746,0.01299242],[-0.76364285,0.20775741,-0.6112991,-2.3823857],[0,0,0,0.99999994]],"timestamp":342474.939871666,"fl_x":1441.5305,"cx":955.1827,"cy":730.24634,"fl_y":1441.5305,"w":1920},{"fl_y":1441.5741,"cy":730.18585,"w":1920,"timestamp":342475.723468833,"cx":955.0555,"h":1440,"file_path":"images/63","transform_matrix":[[-0.5668729,-0.1880778,0.8020486,0.86569923],[0.04225378,0.96567047,0.2563108,0.020029567],[-0.82272106,0.17918523,-0.5394654,-2.3061366],[0,0,0,1]],"fl_x":1441.5741},{"cx":955.2256,"transform_matrix":[[-0.49918094,-0.19924831,0.8432785,0.94356096],[0.04843991,0.9652645,0.25674507,0.016863897],[-0.86514276,0.16901056,-0.4721901,-2.247368],[0,0,0,1]],"fl_x":1441.6649,"fl_y":1441.6649,"cy":730.2195,"file_path":"images/64","w":1920,"h":1440,"timestamp":342476.523738541},{"fl_x":1441.5668,"timestamp":342477.257318833,"h":1440,"w":1920,"transform_matrix":[[-0.47024167,-0.21484947,0.85598636,0.97181755],[0.044148445,0.96297365,0.26595616,0.010067683],[-0.88143283,0.16285415,-0.44334513,-2.2224364],[0,0,0,1]],"fl_y":1441.5668,"cy":730.2726,"cx":954.96387,"file_path":"images/65"},{"h":1440,"cy":730.27124,"file_path":"images/66","transform_matrix":[[-0.46916205,-0.2092057,0.8579743,0.9788699],[0.04613783,0.96440154,0.26038593,0.0070491643],[-0.881906,0.16174829,-0.44280833,-2.1901867],[0,0,0,0.9999999]],"cx":955.1529,"fl_y":1441.6031,"timestamp":342477.974227083,"w":1920,"fl_x":1441.6031},{"transform_matrix":[[-0.43029353,-0.21875831,0.875781,1.002587],[0.047510322,0.96335816,0.263977,0.006489869],[-0.90143794,0.15519622,-0.40413353,-2.110514],[0,0,0,1]],"fl_x":1441.6141,"file_path":"images/67","cx":955.22217,"timestamp":342478.691135333,"fl_y":1441.6141,"h":1440,"w":1920,"cy":730.28046},{"file_path":"images/68","cy":730.2704,"fl_y":1441.556,"h":1440,"timestamp":342479.30800975,"fl_x":1441.556,"transform_matrix":[[-0.4062283,-0.21312861,0.8885689,1.0102707],[0.045050453,0.9665652,0.2524323,0.014261481],[-0.91266036,0.1425756,-0.38304466,-2.0448384],[0,0,0,0.99999994]],"w":1920,"cx":955.1317},{"fl_y":1441.6031,"cx":955.0191,"h":1440,"transform_matrix":[[-0.39541486,-0.21305199,0.8934517,1.005515],[0.056275867,0.9652793,0.25508597,0.011475276],[-0.916777,0.15114455,-0.3696961,-2.0137231],[0,0,0,1]],"cy":730.1977,"file_path":"images/69","fl_x":1441.6031,"w":1920,"timestamp":342479.991573375},{"cx":955.1614,"timestamp":342480.708481416,"transform_matrix":[[-0.33899143,-0.23770085,0.91026556,1.027425],[0.051413324,0.9614283,0.270208,0.012223706],[-0.93938357,0.13839795,-0.31369495,-1.9224885],[0,0,0,1]],"file_path":"images/70","cy":730.2756,"fl_y":1441.5958,"w":1920,"h":1440,"fl_x":1441.5958},{"fl_x":1441.6213,"cy":730.2089,"transform_matrix":[[-0.23171696,-0.24930544,0.9402946,1.0603212],[0.053679775,0.96185267,0.26824954,0.021373449],[-0.971301,0.11263278,-0.20949493,-1.8368927],[0,0,0,0.99999994]],"w":1920,"file_path":"images/71","cx":955.11255,"fl_y":1441.6213,"timestamp":342481.358700375,"h":1440},{"h":1440,"fl_y":1441.4506,"file_path":"images/72","fl_x":1441.4506,"transform_matrix":[[-0.15896899,-0.24348107,0.95678943,1.1190742],[0.059338793,0.96500474,0.25543073,0.01930859],[-0.9854988,0.09738029,-0.13895795,-1.7604595],[0,0,0,1]],"w":1920,"cx":955.0822,"timestamp":342482.00891925,"cy":730.1666},{"w":1920,"file_path":"images/73","transform_matrix":[[-0.119788654,-0.24225165,0.96279025,1.1514429],[0.070604496,0.9652389,0.25165227,0.018311445],[-0.99028575,0.0981224,-0.09852062,-1.7135311],[0,0,0,1]],"h":1440,"fl_y":1441,"cx":954.9536,"timestamp":342482.675810458,"fl_x":1441,"cy":730.27545},{"fl_x":1440.9166,"w":1920,"h":1440,"cx":954.92084,"file_path":"images/74","fl_y":1440.9166,"cy":730.3074,"transform_matrix":[[-0.0894159,-0.24454047,0.9655075,1.1514668],[0.076539084,0.96483684,0.2514589,0.006893163],[-0.9930491,0.0963835,-0.067554854,-1.6779608],[0,0,0,0.99999994]],"timestamp":342483.392718333},{"transform_matrix":[[-0.029055918,-0.25671905,0.96604925,1.1498475],[0.058030635,0.9643939,0.25802454,0.01028847],[-0.99789184,0.063557595,-0.013123783,-1.5866549],[0,0,0,0.99999994]],"h":1440,"file_path":"images/75","w":1920,"cx":955.0149,"fl_x":1440.9166,"cy":730.2873,"fl_y":1440.9166,"timestamp":342484.126298416},{"file_path":"images/76","h":1440,"cy":730.2707,"w":1920,"timestamp":342484.743172625,"transform_matrix":[[0.02036993,-0.26070276,0.96520424,1.1301372],[0.06300021,0.96382076,0.25899947,0.01515029],[-0.99780566,0.05553226,0.03605729,-1.5352836],[0,0,0,1]],"cx":954.9132,"fl_x":1440.9202,"fl_y":1440.9202},{"timestamp":342485.393391416,"file_path":"images/77","w":1920,"h":1440,"transform_matrix":[[0.065759696,-0.2623035,0.9627424,1.1342056],[0.06430543,0.963939,0.25823724,0.019387495],[-0.9957613,0.044927947,0.08025587,-1.4383732],[0,0,0,1]],"cx":955.1297,"cy":730.2587,"fl_x":1440.3063,"fl_y":1440.3063},{"fl_x":1440.2517,"fl_y":1440.2517,"w":1920,"file_path":"images/78","cx":955.0335,"timestamp":342486.093626916,"cy":730.1843,"h":1440,"transform_matrix":[[0.16490798,-0.26081994,0.95119834,1.1580881],[0.070946075,0.9650405,0.25231564,0.02165755],[-0.983754,0.025874928,0.17764707,-1.3378081],[0,0,0,0.99999994]]},{"transform_matrix":[[0.23337102,-0.25664222,0.9379087,1.1940776],[0.06327341,0.96650565,0.24872355,0.019990172],[-0.9703271,0.0012998176,0.24179302,-1.2487222],[0,0,0,1]],"timestamp":342486.793862291,"fl_y":1440.2662,"h":1440,"file_path":"images/79","w":1920,"cx":954.98175,"fl_x":1440.2662,"cy":730.2469},{"cy":730.23883,"file_path":"images/80","w":1920,"fl_y":1439.6559,"transform_matrix":[[0.2583277,-0.25700125,0.9312449,1.1928538],[0.07549128,0.966387,0.2457583,0.016171927],[-0.9631032,0.006814687,0.26904592,-1.2021372],[0,0,0,0.99999994]],"fl_x":1439.6559,"timestamp":342487.427408708,"cx":954.91656,"h":1440},{"h":1440,"transform_matrix":[[0.31578737,-0.24410035,0.9168933,1.1565055],[0.059479,0.9695331,0.23762925,0.015269775],[-0.94696385,-0.020504419,0.3206852,-1.1582958],[0,0,0,0.9999998]],"fl_x":1439.6669,"w":1920,"cy":730.2913,"cx":955.08527,"timestamp":342488.211005541,"fl_y":1439.6669,"file_path":"images/81"},{"w":1920,"fl_x":1439.6522,"fl_y":1439.6522,"h":1440,"cy":730.27234,"transform_matrix":[[0.33507043,-0.24716975,0.90919465,1.1258109],[0.074054204,0.9689005,0.23610954,0.020413661],[-0.93927824,-0.011783643,0.3429539,-1.0791135],[0,0,0,0.9999999]],"cx":955.1774,"file_path":"images/82","timestamp":342488.911240416},{"cy":730.3397,"w":1920,"file_path":"images/83","h":1440,"timestamp":342489.694836541,"transform_matrix":[[0.43251666,-0.2457869,0.86747813,1.090013],[0.061013248,0.9678996,0.24381919,0.030339487],[-0.8995592,-0.052528195,0.43362898,-0.9956145],[0,0,0,1]],"cx":955.0912,"fl_x":1439.6013,"fl_y":1439.6013},{"fl_y":1440.299,"cx":955.1051,"fl_x":1440.299,"cy":730.24786,"w":1920,"timestamp":342490.378398625,"h":1440,"transform_matrix":[[0.51887053,-0.23045215,0.82320434,1.0519791],[0.045293313,0.96903634,0.2427285,0.033703648],[-0.8536521,-0.088659026,0.51324236,-0.8894194],[0,0,0,1]],"file_path":"images/84"},{"fl_y":1440.3644,"timestamp":342491.028616166,"cx":955.04535,"file_path":"images/85","w":1920,"h":1440,"transform_matrix":[[0.5801944,-0.23400961,0.7801371,1.0339748],[0.050195813,0.9662896,0.2525168,0.027956607],[-0.81292975,-0.10734922,0.57238215,-0.8228227],[0,0,0,0.99999994]],"cy":730.2762,"fl_x":1440.3644},{"fl_x":1440.3207,"cx":955.0956,"w":1920,"timestamp":342491.69550575,"h":1440,"transform_matrix":[[0.6018766,-0.22989886,0.7647817,1.0183301],[0.062012997,0.96822923,0.24225293,0.024061168],[-0.7961777,-0.09837996,0.59701127,-0.77629703],[0,0,0,0.99999994]],"fl_y":1440.3207,"file_path":"images/86","cy":730.33844},{"file_path":"images/87","transform_matrix":[[0.63247,-0.22003306,0.74267584,0.9823761],[0.06943786,0.97105044,0.22855978,0.020245373],[-0.77146626,-0.09298736,0.6294388,-0.745002],[0,0,0,1]],"fl_x":1440.3606,"cy":730.32336,"w":1920,"fl_y":1440.3606,"cx":955.0054,"timestamp":342492.329050583,"h":1440},{"file_path":"images/88","cy":730.36206,"transform_matrix":[[0.6892664,-0.19019891,0.6990966,0.91041803],[0.040644784,0.9735577,0.22479656,0.025854437],[-0.723367,-0.1265301,0.67877126,-0.69306356],[0,0,0,0.99999994]],"fl_x":1440.317,"cx":955.1268,"timestamp":342493.0126125,"fl_y":1440.317,"h":1440,"w":1920},{"cx":955.1638,"fl_x":1440.4333,"w":1920,"timestamp":342493.746191041,"transform_matrix":[[0.7037615,-0.21387194,0.67747957,0.8476127],[0.06516369,0.9690233,0.23821712,0.025421824],[-0.70744145,-0.12350097,0.695898,-0.6634946],[0,0,0,0.9999998]],"cy":730.34143,"file_path":"images/89","h":1440,"fl_y":1440.4333},{"transform_matrix":[[0.7836108,-0.16510433,0.59891135,0.7578931],[0.036780678,0.9746775,0.22056976,0.03902445],[-0.62016237,-0.15081248,0.7698405,-0.57999825],[0,0,0,1]],"cx":955.1448,"timestamp":342494.446425125,"cy":730.37976,"fl_x":1440.9492,"fl_y":1440.9492,"file_path":"images/90","h":1440,"w":1920},{"cx":955.2245,"fl_x":1440.2407,"timestamp":342495.163331583,"cy":730.3411,"w":1920,"h":1440,"fl_y":1440.2407,"transform_matrix":[[0.83030874,-0.16221406,0.53317356,0.67940825],[0.04292947,0.9724759,0.22901462,0.032721814],[-0.5556478,-0.16726398,0.8144191,-0.48278004],[0,0,0,1]],"file_path":"images/91"},{"fl_x":1440.3679,"w":1920,"transform_matrix":[[0.8509407,-0.1648625,0.4987188,0.6227869],[0.054327976,0.97199905,0.22861849,0.031628],[-0.5224448,-0.16744639,0.8360702,-0.4408358],[0,0,0,1]],"file_path":"images/92","timestamp":342495.830221333,"h":1440,"cx":955.05646,"fl_y":1440.3679,"cy":730.393},{"fl_x":1440.2407,"fl_y":1440.2407,"file_path":"images/93","cx":955.24506,"timestamp":342496.463766583,"cy":730.3788,"w":1920,"h":1440,"transform_matrix":[[0.88334066,-0.14040373,0.44720942,0.5324948],[0.04656402,0.97564954,0.21433571,0.025709134],[-0.4664132,-0.16850756,0.8683686,-0.43279767],[0,0,0,1]]},{"transform_matrix":[[0.907345,-0.123665765,0.4017859,0.41853103],[0.03951172,0.97660893,0.21136214,0.027303267],[-0.4185259,-0.1759031,0.8910075,-0.41848406],[0,0,0,1]],"w":1920,"cx":955.1902,"timestamp":342497.147328583,"file_path":"images/94","h":1440,"fl_y":1440.4115,"cy":730.3732,"fl_x":1440.4115},{"cy":730.3379,"transform_matrix":[[0.941064,-0.115936704,0.3177377,0.33692625],[0.043649677,0.9731908,0.22581957,0.0318183],[-0.33540013,-0.19864152,0.9208955,-0.37276164],[0,0,0,1]],"w":1920,"h":1440,"file_path":"images/95","cx":955.2368,"timestamp":342497.81421825,"fl_y":1440.4479,"fl_x":1440.4479},{"h":1440,"fl_y":1440.2808,"cy":730.3275,"transform_matrix":[[0.9652625,-0.09407932,0.24375677,0.25841478],[0.03923652,0.9745397,0.22075486,0.043907013],[-0.25831914,-0.20352224,0.9443781,-0.30043504],[0,0,0,0.99999994]],"w":1920,"fl_x":1440.2808,"cx":955.216,"file_path":"images/96","timestamp":342498.431091291},{"w":1920,"cx":955.0722,"transform_matrix":[[0.98308504,-0.08105743,0.16423641,0.19568847],[0.044517614,0.9755939,0.21502253,0.04092236],[-0.1776572,-0.20407403,0.96270025,-0.24282475],[0,0,0,1]],"fl_x":1440.2662,"h":1440,"fl_y":1440.2662,"timestamp":342499.097981083,"cy":730.29877,"file_path":"images/97"},{"file_path":"images/98","timestamp":342499.831559791,"fl_x":1439.6741,"transform_matrix":[[0.98749256,-0.08730387,0.13128832,0.11987189],[0.054547686,0.9704524,0.23504622,0.031913776],[-0.1479295,-0.2249449,0.9630767,-0.22131374],[0,0,0,1]],"fl_y":1439.6741,"cy":730.3972,"w":1920,"h":1440,"cx":955.1485},{"h":1440,"fl_x":1439.7177,"fl_y":1439.7177,"transform_matrix":[[0.996422,-0.060078338,0.059446964,0.019003585],[0.045602243,0.9743563,0.22034132,0.02819994],[-0.07116026,-0.21684201,0.97360975,-0.22956681],[0,0,0,1]],"timestamp":342500.481777375,"cy":730.3973,"w":1920,"cx":955.1845,"file_path":"images/99"},{"w":1920,"file_path":"images/100","timestamp":342501.265373,"fl_x":1439.5723,"h":1440,"fl_y":1439.5723,"cy":730.3889,"transform_matrix":[[0.99886376,-0.046013925,0.012406177,-0.06253091],[0.04194366,0.9723951,0.2295399,0.039335907],[-0.022625731,-0.22875872,0.9732203,-0.2566887],[0,0,0,0.99999994]],"cx":955.00354},{"transform_matrix":[[0.99620545,-0.023985168,-0.08366331,-0.28831965],[0.043417826,0.9700777,0.23888133,0.017422754],[0.075430304,-0.24160735,0.96743804,-0.22938292],[0,0,0,1]],"cx":955.2241,"fl_x":1439.823,"timestamp":342502.048968666,"w":1920,"cy":730.3668,"h":1440,"file_path":"images/101","fl_y":1439.823},{"w":1920,"timestamp":342504.399756375,"cy":730.0641,"fl_x":1441.011,"file_path":"images/102","h":1440,"fl_y":1441.011,"transform_matrix":[[0.9390553,0.15291391,-0.30788356,-0.5243814],[-0.029365018,0.9280279,0.37135136,0.16118221],[0.34250936,-0.3396785,0.87595993,-0.28389734],[0,0,0,0.99999994]],"cx":955.53564},{"fl_x":1441.0255,"fl_y":1441.0255,"file_path":"images/103","cy":729.9399,"w":1920,"h":1440,"cx":955.7433,"transform_matrix":[[0.93061936,0.15255024,-0.33268008,-0.5819673],[-0.0119638555,0.9211847,0.38894162,0.16606191],[0.36579293,-0.3579765,0.8590975,-0.3114937],[0,0,0,0.99999994]],"timestamp":342505.0833195},{"h":1440,"transform_matrix":[[0.90669924,0.17638649,-0.38312468,-0.65580684],[-0.018684778,0.9242621,0.3813012,0.17002647],[0.42136392,-0.33856687,0.84132344,-0.3509592],[0,0,0,1]],"fl_y":1441.011,"timestamp":342505.616832583,"w":1920,"cy":729.972,"cx":955.6464,"file_path":"images/104","fl_x":1441.011},{"fl_y":1441.0619,"h":1440,"fl_x":1441.0619,"w":1920,"transform_matrix":[[0.87180513,0.21016556,-0.44247758,-0.7401486],[-0.020998633,0.9184901,0.39488623,0.17721057],[0.48940268,-0.3349724,0.80515754,-0.40632543],[0,0,0,1]],"timestamp":342506.300396125,"file_path":"images/105","cy":730.00226,"cx":955.526},{"file_path":"images/106","timestamp":342507.0506485,"transform_matrix":[[0.82323277,0.24245377,-0.5133263,-0.8384775],[-0.03256124,0.9228918,0.38368016,0.184031],[0.5667693,-0.29914358,0.7676494,-0.45303625],[0,0,0,0.99999994]],"cx":955.64795,"w":1920,"fl_x":1441.0619,"cy":729.9376,"fl_y":1441.0619,"h":1440},{"cy":729.9854,"w":1920,"h":1440,"transform_matrix":[[0.8003771,0.23606147,-0.551064,-0.8938534],[-0.008722201,0.92369884,0.38302025,0.17914855],[0.5994335,-0.30175412,0.7413663,-0.49417582],[0,0,0,0.99999994]],"cx":955.549,"fl_x":1440.9747,"fl_y":1440.9747,"timestamp":342507.784228416,"file_path":"images/107"},{"h":1440,"cx":955.5977,"fl_x":1441.7375,"timestamp":342508.284396416,"w":1920,"fl_y":1441.7375,"transform_matrix":[[0.7830304,0.23776037,-0.5747462,-0.91947436],[-0.011817113,0.9295742,0.36844555,0.17856261],[0.62187105,-0.28171223,0.73069453,-0.5413418],[0,0,0,0.9999999]],"file_path":"images/108","cy":729.9719},{"fl_x":1441.654,"transform_matrix":[[0.74640465,0.22475417,-0.62639105,-0.9753041],[0.0022004012,0.94040585,0.3400472,0.18327825],[0.6654887,-0.25519115,0.7014287,-0.63086873],[0,0,0,1]],"timestamp":342509.084665583,"cx":955.5282,"fl_y":1441.654,"w":1920,"h":1440,"cy":730.0333,"file_path":"images/109"},{"h":1440,"transform_matrix":[[0.71696234,0.2560976,-0.6483665,-1.0400828],[-0.0022795778,0.9309315,0.3651869,0.1850518],[0.69710827,-0.26034728,0.66802657,-0.6958255],[0,0,0,1]],"timestamp":342509.834917458,"file_path":"images/110","cx":955.41846,"fl_x":1441.6141,"w":1920,"fl_y":1441.6141,"cy":730.0576},{"timestamp":342510.535152625,"fl_y":1442.1373,"cy":729.99915,"h":1440,"fl_x":1442.1373,"transform_matrix":[[0.6315222,0.29053083,-0.7188683,-1.1501856],[-0.015579231,0.93171144,0.36286515,0.18792023],[0.77520126,-0.21795797,0.5929226,-0.76382977],[0,0,0,1]],"cx":955.51514,"file_path":"images/111","w":1920},{"timestamp":342511.235387833,"cx":955.34607,"fl_y":1442.1445,"cy":730.04803,"fl_x":1442.1445,"file_path":"images/112","w":1920,"h":1440,"transform_matrix":[[0.60397995,0.29551062,-0.7401902,-1.1851112],[0.014197868,0.9245844,0.38071254,0.17826208],[0.79687303,-0.24045187,0.55423486,-0.84727585],[0,0,0,0.99999994]]},{"fl_x":1442.7512,"fl_y":1442.7512,"w":1920,"cx":955.2694,"cy":729.9887,"file_path":"images/113","h":1440,"timestamp":342511.968967666,"transform_matrix":[[0.5787746,0.29600486,-0.7598693,-1.2013444],[0.0006665989,0.9316254,0.36341965,0.17707573],[0.8154874,-0.21084462,0.53900385,-0.9461491],[0,0,0,1.0000001]]},{"cx":955.34595,"h":1440,"w":1920,"fl_x":1442.8093,"cy":730.063,"transform_matrix":[[0.5441954,0.29903844,-0.78385437,-1.2200439],[0.013047258,0.93118876,0.36430418,0.1771678],[0.8388572,-0.20847984,0.50284696,-1.0148054],[0,0,0,1]],"timestamp":342512.702547333,"fl_y":1442.8093,"file_path":"images/114"},{"w":1920,"file_path":"images/115","transform_matrix":[[0.46418393,0.3324162,-0.82099503,-1.2600801],[-0.015265099,0.92976886,0.36782733,0.1825953],[0.88560736,-0.15820698,0.43665814,-1.1102315],[0,0,0,1]],"fl_x":1443.4088,"cy":730.0472,"timestamp":342513.319421125,"h":1440,"cx":955.456,"fl_y":1443.4088},{"timestamp":342513.986311708,"fl_y":1443.4342,"w":1920,"h":1440,"cy":729.95325,"fl_x":1443.4342,"file_path":"images/116","transform_matrix":[[0.3637338,0.36068958,-0.85883707,-1.3233703],[-0.02147232,0.9249922,0.37937915,0.18454026],[0.93125546,-0.11955181,0.34419578,-1.199134],[0,0,0,1]],"cx":955.4568},{"h":1440,"fl_x":1443.4124,"transform_matrix":[[0.3230073,0.36575997,-0.8728609,-1.338205],[-0.016054632,0.92428434,0.38136715,0.18025711],[0.94626033,-0.1091709,0.30442268,-1.267966],[0,0,0,1]],"file_path":"images/117","cx":955.50037,"cy":730.0754,"w":1920,"fl_y":1443.4124,"timestamp":342514.653202375},{"cy":730.049,"fl_y":1443.5432,"file_path":"images/118","cx":955.54224,"w":1920,"timestamp":342515.153370291,"h":1440,"transform_matrix":[[0.2759356,0.3611254,-0.890757,-1.3347381],[-0.018652111,0.9285737,0.37067893,0.17596512],[0.9609951,-0.08566901,0.2629623,-1.332395],[0,0,0,0.99999994]],"fl_x":1443.5432},{"file_path":"images/119","timestamp":342515.836933291,"w":1920,"cx":955.4975,"cy":730.03687,"fl_x":1443.4124,"fl_y":1443.4124,"transform_matrix":[[0.21326132,0.3645248,-0.90644443,-1.307327],[-0.036110684,0.93009496,0.36554,0.181446],[0.97632766,-0.045223217,0.21151651,-1.4158199],[0,0,0,1]],"h":1440},{"w":1920,"file_path":"images/120","h":1440,"fl_y":1443.3434,"transform_matrix":[[0.170391,0.37888804,-0.90962124,-1.2960912],[-0.028733633,0.92463833,0.37976077,0.18300384],[0.9849575,-0.0385711,0.1684369,-1.4523932],[0,0,0,0.99999994]],"cx":955.5799,"timestamp":342516.703891166,"cy":729.99396,"fl_x":1443.3434},{"fl_y":1443.3252,"h":1440,"timestamp":342517.387453916,"cy":730.0407,"cx":955.66376,"w":1920,"fl_x":1443.3252,"file_path":"images/121","transform_matrix":[[0.15285997,0.39280787,-0.90682733,-1.2843838],[-0.0247787,0.91884613,0.39383718,0.18488312],[0.9879371,-0.037731946,0.15018809,-1.5155867],[0,0,0,0.9999999]]},{"cx":955.7495,"file_path":"images/122","w":1920,"timestamp":342518.071016875,"fl_x":1443.3434,"transform_matrix":[[0.03249533,0.40168238,-0.9152025,-1.3181031],[-0.044153176,0.91536903,0.40018776,0.18834504],[0.99849623,0.027404865,0.04748077,-1.6503528],[0,0,0,1.0000001]],"h":1440,"cy":729.91907,"fl_y":1443.3434},{"fl_x":1442.7294,"h":1440,"w":1920,"cx":955.58075,"cy":729.9293,"fl_y":1442.7294,"file_path":"images/123","timestamp":342518.804596916,"transform_matrix":[[-0.048426766,0.39434764,-0.9176845,-1.3435824],[-0.040134672,0.9172521,0.39627975,0.18110716],[0.99802005,0.05602152,-0.028592544,-1.7582698],[0,0,0,0.9999999]]},{"cy":729.94165,"timestamp":342519.521504541,"w":1920,"cx":955.58295,"h":1440,"file_path":"images/124","fl_y":1442.7803,"fl_x":1442.7803,"transform_matrix":[[-0.10084155,0.38349393,-0.9180215,-1.3183169],[-0.026105873,0.9213875,0.38776767,0.17569186],[0.99456,0.06306884,-0.082902685,-1.8006902],[0,0,0,1]]},{"cx":955.62225,"fl_x":1442.1481,"h":1440,"file_path":"images/125","transform_matrix":[[-0.13188657,0.3762751,-0.91707313,-1.2847309],[-0.03955322,0.9224201,0.3841572,0.17811711],[0.99047536,0.08693837,-0.10677195,-1.8967514],[0,0,0,0.99999994]],"timestamp":342520.205067583,"fl_y":1442.1481,"cy":729.97424,"w":1920},{"cx":955.72754,"cy":730.03564,"timestamp":342520.905302958,"transform_matrix":[[-0.23122688,0.36309648,-0.90260464,-1.2416521],[-0.02313011,0.9254328,0.37820512,0.18164827],[0.9726248,0.10832853,-0.20558645,-1.9821634],[0,0,0,0.99999994]],"file_path":"images/126","fl_y":1442.2207,"fl_x":1442.2207,"h":1440,"w":1920},{"file_path":"images/127","fl_x":1442.1155,"cx":955.5902,"cy":730.00806,"h":1440,"transform_matrix":[[-0.3412853,0.3517104,-0.87167895,-1.212696],[-0.029199047,0.92294323,0.3838271,0.19012319],[0.9395061,0.15644674,-0.30471736,-2.1197662],[0,0,0,1]],"timestamp":342521.622210666,"w":1920,"fl_y":1442.1155},{"timestamp":342522.189068041,"cx":955.5349,"cy":729.94366,"fl_x":1442.2898,"file_path":"images/128","transform_matrix":[[-0.4244012,0.33113706,-0.8427525,-1.1943614],[-0.0366961,0.9236759,0.38141346,0.18405378],[0.90473026,0.1927981,-0.37985772,-2.2106836],[0,0,0,0.9999999]],"h":1440,"w":1920,"fl_