{"depth_integer_scale":1,"cx":956.19727,"frames":[{"fl_x":1462.2316,"file_path":"images/0","transform_matrix":[[0.99993736,0.0018350224,0.011035724,-0.00792104],[-0.009767782,0.62411314,0.7812727,-0.0049091717],[-0.005453892,-0.78133166,0.6240921,-0.0044409866],[0,0,0,0.9999999]],"cx":956.19727,"cy":728.6954,"fl_y":1462.2316,"h":1440,"timestamp":18285.119717625,"w":1920},{"fl_x":1462.2244,"file_path":"images/1","transform_matrix":[[0.99909204,0.03448302,-0.025021318,-0.027930459],[-0.0019947581,0.6245093,0.7810148,-0.0016762689],[0.04255779,-0.78025573,0.6240111,-0.008588335],[0,0,0,0.99999994]],"cx":956.1569,"cy":728.675,"fl_y":1462.2244,"h":1440,"timestamp":18286.12007525,"w":1920},{"fl_x":1462.1082,"file_path":"images/2","transform_matrix":[[0.9859093,0.11038251,-0.1256918,-0.08667961],[0.027018055,0.6364431,0.7708502,0.0031115313],[0.16508408,-0.76338434,0.624493,-0.015579524],[0,0,0,0.9999999]],"cx":956.0594,"cy":728.6627,"fl_y":1462.1082,"h":1440,"timestamp":18287.037069958,"w":1920},{"fl_x":1462.2897,"file_path":"images/3","transform_matrix":[[0.97275466,0.15773839,-0.16990255,-0.11578092],[0.029010374,0.6442751,0.76424336,-0.0006761104],[0.23001455,-0.7483502,0.62214565,-0.027597098],[0,0,0,0.99999994]],"cx":955.8629,"cy":728.7687,"fl_y":1462.2897,"h":1440,"timestamp":18287.920719166,"w":1920},{"fl_x":1464.0554,"cx":955.921,"h":1440,"w":1920,"file_path":"images/4","transform_matrix":[[0.87521625,0.39402634,-0.2806058,-0.12800878],[-0.0042012185,0.58625525,0.81011534,-0.010500211],[0.48371342,-0.70784724,0.5147556,-0.06941351],[0,0,0,0.99999994]],"timestamp":18289.621326666,"cy":728.59375,"fl_y":1464.0554},{"fl_x":1467.0745,"cx":956.1373,"h":1440,"w":1920,"file_path":"images/5","transform_matrix":[[0.8166414,0.4731436,-0.33050263,-0.14619473],[0.014623371,0.55550367,0.8313855,-0.011881102],[0.57696015,-0.6837768,0.44672835,-0.09858552],[0,0,0,0.99999994]],"timestamp":18290.588338875,"cy":728.16974,"fl_y":1467.0745},{"fl_x":1467.1289,"cx":956.1009,"h":1440,"w":1920,"file_path":"images/6","transform_matrix":[[0.71846634,0.5691307,-0.39987034,-0.1843502],[0.022768922,0.5553365,0.831314,-0.0064072004],[0.6951888,-0.60637575,0.38603216,-0.12610525],[0,0,0,0.99999994]],"timestamp":18291.421969958,"cy":728.1982,"fl_y":1467.1289},{"fl_x":1465.3197,"cx":956.00696,"h":1440,"w":1920,"file_path":"images/7","transform_matrix":[[0.50502867,0.69325566,-0.5141426,-0.23055255],[0.017819235,0.58718926,0.80925345,-0.0066673774],[0.86291856,-0.4178579,0.2841942,-0.17127696],[0,0,0,0.99999994]],"timestamp":18293.005869083,"cy":728.2999,"fl_y":1465.3197},{"fl_x":1466.5514,"cx":955.9854,"h":1440,"w":1920,"file_path":"images/8","transform_matrix":[[0.50325704,0.7145804,-0.48590848,-0.22053963],[-0.006770448,0.5655483,0.82468736,-0.008197573],[0.86411023,-0.4117399,0.28945422,-0.18293095],[0,0,0,0.99999994]],"timestamp":18293.756137,"cy":728.34296,"fl_y":1466.5514},{"fl_x":1466.5331,"cx":956.1404,"h":1440,"w":1920,"file_path":"images/9","transform_matrix":[[0.40171704,0.7542747,-0.51931995,-0.2378039],[0.012960703,0.5623496,0.826798,-0.006968798],[0.9156721,-0.33886957,0.21612951,-0.21387197],[0,0,0,0.99999994]],"timestamp":18294.406369416,"cy":728.1695,"fl_y":1466.5331},{"fl_x":1465.9155,"cx":955.96466,"h":1440,"w":1920,"file_path":"images/10","transform_matrix":[[0.2976251,0.78635436,-0.54135555,-0.2532135],[0.017031964,0.562589,0.82656115,-0.005219786],[0.9545308,-0.25522572,0.15404747,-0.2410974],[0,0,0,0.9999998]],"timestamp":18295.156637625,"cy":728.2858,"fl_y":1465.9155},{"fl_x":1464.7384,"cx":956.00635,"h":1440,"w":1920,"file_path":"images/11","transform_matrix":[[0.16710138,0.8037376,-0.57103676,-0.25477633],[0.030222626,0.5747324,0.8177832,-0.0012126379],[0.9854764,-0.15391092,0.07174752,-0.27039447],[0,0,0,0.99999994]],"timestamp":18295.906905666,"cy":728.27905,"fl_y":1464.7384},{"fl_x":1464.0626,"cx":955.825,"h":1440,"w":1920,"file_path":"images/12","transform_matrix":[[0.12043038,0.81033176,-0.57346237,-0.24417873],[0.02254678,0.57528496,0.8176422,-0.0089249415],[0.9924657,-0.11139869,0.051011432,-0.28449398],[0,0,0,0.99999994]],"timestamp":18296.7071915,"cy":728.4066,"fl_y":1464.0626},{"fl_x":1465.3307,"cx":956.02277,"h":1440,"w":1920,"file_path":"images/13","transform_matrix":[[0.009251742,0.8172621,-0.576192,-0.24296692],[0.019707311,0.5759556,0.81724334,-0.009753291],[0.99976295,-0.01891612,-0.010777446,-0.29794782],[0,0,0,0.99999994]],"timestamp":18297.424114208,"cy":728.34515,"fl_y":1465.3307},{"fl_x":1465.9155,"cx":955.99036,"h":1440,"w":1920,"file_path":"images/14","transform_matrix":[[-0.085271895,0.8226926,-0.5620546,-0.23897095],[0.025939988,0.5657511,0.82416785,-0.010649898],[0.9960199,0.05569868,-0.06958332,-0.31673533],[0,0,0,0.9999998]],"timestamp":18298.041001125,"cy":728.2918,"fl_y":1465.9155},{"fl_x":1466.5658,"cx":955.9801,"h":1440,"w":1920,"file_path":"images/15","transform_matrix":[[-0.15651841,0.81927526,-0.55162495,-0.22946033],[0.03449103,0.56270176,0.8259401,-0.00953176],[0.9870725,0.110248715,-0.11633085,-0.33694458],[0,0,0,0.9999999]],"timestamp":18298.574524916,"cy":728.2803,"fl_y":1466.5658},{"fl_x":1465.941,"cx":955.94354,"h":1440,"w":1920,"file_path":"images/16","transform_matrix":[[-0.23208934,0.8077019,-0.5419892,-0.22214812],[0.03385441,0.5635739,0.82537156,-0.010220484],[0.97210515,0.17321123,-0.15814379,-0.3552222],[0,0,0,0.99999994]],"timestamp":18299.15806675,"cy":728.1696,"fl_y":1465.941},{"fl_x":1464.8728,"cx":955.8829,"h":1440,"w":1920,"file_path":"images/17","transform_matrix":[[-0.3741256,0.767992,-0.5198251,-0.20829803],[0.01844542,0.5665835,0.82379776,-0.0008801799],[0.9271945,0.29861546,-0.22613938,-0.37812692],[0,0,0,0.99999994]],"timestamp":18300.458530583,"cy":728.34015,"fl_y":1464.8728},{"fl_x":1465.207,"cx":955.9524,"h":1440,"w":1920,"file_path":"images/18","transform_matrix":[[-0.42780662,0.75476766,-0.49729985,-0.20262785],[0.023810983,0.5594092,0.8285496,-0.010270643],[0.90355664,0.34261775,-0.25729075,-0.39146522],[0,0,0,0.99999994]],"timestamp":18301.158780291,"cy":728.2474,"fl_y":1465.207},{"fl_x":1465.385,"cx":955.96497,"h":1440,"w":1920,"file_path":"images/19","transform_matrix":[[-0.5190772,0.7165613,-0.46593833,-0.18663889],[0.030160053,0.56014687,0.82784396,-0.011656015],[0.85419494,0.41566223,-0.31237105,-0.40728423],[0,0,0,0.9999998]],"timestamp":18301.792339666,"cy":728.25433,"fl_y":1465.385},{"fl_x":1466.6095,"cx":955.9639,"h":1440,"w":1920,"file_path":"images/20","transform_matrix":[[-0.59015685,0.6830814,-0.43024924,-0.17366412],[0.03575238,0.554548,0.8313832,-0.013746867],[0.8064964,0.47526413,-0.35169217,-0.41341263],[0,0,0,0.99999994]],"timestamp":18302.459244333,"cy":728.18365,"fl_y":1466.6095},{"fl_x":1465.9701,"cx":955.9322,"h":1440,"w":1920,"file_path":"images/21","transform_matrix":[[-0.6645214,0.63310754,-0.3969712,-0.1579693],[0.039093982,0.5599555,0.8275998,-0.011149006],[0.74624586,0.5344386,-0.39685318,-0.4338568],[0,0,0,0.99999994]],"timestamp":18303.076131083,"cy":728.234,"fl_y":1465.9701},{"fl_x":1465.9918,"cx":955.8858,"h":1440,"w":1920,"file_path":"images/22","transform_matrix":[[-0.74863863,0.5631926,-0.34979197,-0.14081892],[0.043943748,0.5685996,0.82143986,-0.012122212],[0.6615203,0.5995904,-0.45042443,-0.44876647],[0,0,0,0.99999994]],"timestamp":18303.693017958,"cy":728.1881,"fl_y":1465.9918},{"fl_x":1465.4469,"cx":955.796,"h":1440,"w":1920,"file_path":"images/23","transform_matrix":[[-0.7975585,0.5161292,-0.31226715,-0.13438062],[0.051404115,0.5739141,0.81730044,-0.014005133],[0.6010472,0.6357932,-0.48426136,-0.46241325],[0,0,0,0.9999998]],"timestamp":18304.226541541,"cy":728.266,"fl_y":1465.4469},{"fl_x":1465.4651,"cx":955.71954,"h":1440,"w":1920,"file_path":"images/24","transform_matrix":[[-0.8321948,0.47663987,-0.28331292,-0.11809959],[0.05689313,0.5816529,0.811445,-0.015026663],[0.5515568,0.6591617,-0.5111661,-0.46867344],[0,0,0,0.9999999]],"timestamp":18304.810083,"cy":728.3764,"fl_y":1465.4651},{"file_path":"images/25","w":1920,"fl_y":1466.0027,"cy":728.3517,"cx":955.7063,"h":1440,"timestamp":18305.5270055,"transform_matrix":[[-0.90158075,0.3861371,-0.19506468,-0.09908954],[0.059141472,0.55668056,0.82861876,-0.019349776],[0.42854917,0.7355303,-0.5247293,-0.45450932],[0,0,0,0.99999994]],"fl_x":1466.0027},{"file_path":"images/26","w":1920,"fl_y":1466.5658,"cy":728.17505,"cx":955.64966,"h":1440,"timestamp":18306.143891958,"transform_matrix":[[-0.9430657,0.30059153,-0.14237846,-0.09071906],[0.042166438,0.53266525,0.8452748,-0.011666237],[0.32992253,0.79114616,-0.5150133,-0.4612457],[0,0,0,0.9999999]],"fl_x":1466.5658},{"file_path":"images/27","w":1920,"fl_y":1467.1943,"cy":728.11945,"cx":955.89124,"h":1440,"timestamp":18306.694088166,"transform_matrix":[[-0.9764391,0.19702533,-0.0880195,-0.066665225],[0.030240338,0.5287986,0.8482083,-0.017986713],[0.21366312,0.8255622,-0.5222978,-0.45977852],[0,0,0,0.9999999]],"fl_x":1467.1943},{"file_path":"images/28","w":1920,"fl_y":1467.2416,"cy":727.98834,"cx":955.80927,"h":1440,"timestamp":18307.22761175,"transform_matrix":[[-0.9921322,0.11919447,-0.038290817,-0.05956825],[0.030952303,0.52989227,0.8474997,-0.012376725],[0.121307306,0.8396467,-0.5294126,-0.46314186],[0,0,0,0.9999998]],"fl_x":1467.2416},{"file_path":"images/29","w":1920,"fl_y":1466.8492,"cy":727.9954,"cx":955.8929,"h":1440,"timestamp":18307.777807958,"transform_matrix":[[-0.99831486,0.05679131,0.01192951,-0.039927218],[0.040469233,0.5339964,0.8445176,-0.010318213],[0.041590944,0.84357727,-0.53539485,-0.46160722],[0,0,0,1]],"fl_x":1466.8492},{"file_path":"images/30","w":1920,"fl_y":1466.5767,"cy":727.992,"cx":955.8444,"h":1440,"timestamp":18308.26131375,"transform_matrix":[[-0.99855304,2.459791e-05,0.053774267,-0.015685497],[0.04547726,0.53403413,0.84423894,-0.0048168264],[-0.028696535,0.84546286,-0.5332626,-0.46389645],[0,0,0,0.99999994]],"fl_x":1466.5767},{"file_path":"images/31","w":1920,"fl_y":1466.6057,"cy":728.0466,"cx":955.79785,"h":1440,"timestamp":18308.761491916,"transform_matrix":[[-0.9919637,-0.07769571,0.09985677,0.0014387176],[0.042496115,0.53878963,0.84136784,-0.0038254336],[-0.11917247,0.8388499,-0.5311581,-0.46551654],[0,0,0,0.99999994]],"fl_x":1466.6057},{"file_path":"images/32","w":1920,"fl_y":1466.0209,"cy":728.0991,"cx":955.78394,"h":1440,"timestamp":18309.311688,"transform_matrix":[[-0.97837025,-0.14935789,0.1431216,0.027794246],[0.039706126,0.5434165,0.8385236,-0.0048441],[-0.20301476,0.8260694,-0.52573216,-0.46941024],[0,0,0,0.9999999]],"fl_x":1466.0209},{"file_path":"images/33","w":1920,"fl_y":1466.0282,"cy":728.14795,"cx":955.8193,"h":1440,"timestamp":18309.81186625,"transform_matrix":[[-0.9599397,-0.21022682,0.18525723,0.031070882],[0.039855376,0.55198526,0.8329007,-0.0069917813],[-0.27735734,0.806918,-0.521494,-0.45828375],[0,0,0,0.9999999]],"fl_x":1466.0282},{"file_path":"images/34","w":1920,"fl_y":1467.9536,"cy":728.0876,"cx":955.7915,"h":1440,"timestamp":18310.478770458,"transform_matrix":[[-0.9323036,-0.28092825,0.22779216,0.03349162],[0.048607327,0.5267863,0.84860677,-0.017724905],[-0.35839543,0.80223155,-0.47746968,-0.43468657],[0,0,0,0.99999994]],"fl_x":1467.9536},{"file_path":"images/35","w":1920,"fl_y":1469.1053,"cy":728.01263,"cx":955.7572,"h":1440,"timestamp":18311.028966375,"transform_matrix":[[-0.9064864,-0.3301148,0.26326108,0.043295097],[0.06254239,0.51164,0.8569205,-0.013094787],[-0.41757712,0.7932519,-0.44314864,-0.41491923],[0,0,0,0.99999994]],"fl_x":1469.1053},{"file_path":"images/36","w":1920,"fl_y":1469.6865,"cy":727.79736,"cx":955.5746,"h":1440,"timestamp":18311.595834916,"transform_matrix":[[-0.8490478,-0.44249737,0.2886415,0.041019782],[0.07226824,0.4439316,0.8931417,-0.02058985],[-0.52334994,0.77917963,-0.34494066,-0.39220858],[0,0,0,0.99999994]],"fl_x":1469.6865},{"file_path":"images/37","w":1920,"fl_y":1472.6403,"cy":727.3463,"cx":955.67725,"h":1440,"timestamp":18312.196048583,"transform_matrix":[[-0.80068976,-0.52195597,0.2940375,0.041161098],[0.04540331,0.43653306,0.8985418,-0.030213773],[-0.5973563,0.73280346,-0.325829,-0.37646252],[0,0,0,0.99999994]],"fl_x":1472.6403},{"file_path":"images/38","w":1920,"fl_y":1473.97,"cy":727.22833,"cx":955.787,"h":1440,"timestamp":18312.729571833,"transform_matrix":[[-0.71470857,-0.5945789,0.3683304,0.061009828],[0.07715809,0.45638087,0.88643265,-0.029735724],[-0.6951533,0.66196084,-0.2803028,-0.36533993],[0,0,0,0.9999999]],"fl_x":1473.97},{"file_path":"images/39","w":1920,"fl_y":1472.2042,"cy":727.52045,"cx":955.50305,"h":1440,"timestamp":18313.913326375,"transform_matrix":[[-0.48077714,-0.7462606,0.46037862,0.09800235],[0.08266407,0.48412764,0.87108386,-0.025503151],[-0.8729375,0.45685405,-0.17106858,-0.3536937],[0,0,0,0.99999994]],"fl_x":1472.2042},{"file_path":"images/40","w":1920,"fl_y":1470.2426,"cy":727.6364,"cx":955.54614,"h":1440,"timestamp":18314.463522125,"transform_matrix":[[-0.35747644,-0.7863356,0.5038719,0.11338888],[0.09022698,0.5079202,0.85666573,-0.020536995],[-0.92955345,0.35170072,-0.11062087,-0.33916515],[0,0,0,0.99999994]],"fl_x":1470.2426},{"cx":955.4851,"timestamp":18314.98037275,"cy":727.7615,"file_path":"images/41","fl_y":1468.6512,"h":1440,"fl_x":1468.6512,"transform_matrix":[[-0.24479045,-0.80721986,0.5370975,0.13924286],[0.093799226,0.5316364,0.8417626,-0.012273656],[-0.96502817,0.25643483,-0.054422952,-0.32678545],[0,0,0,0.99999994]],"w":1920},{"cx":955.42377,"timestamp":18315.547241333,"cy":728.0514,"file_path":"images/42","fl_y":1466.5404,"h":1440,"fl_x":1466.5404,"transform_matrix":[[-0.15604742,-0.8169557,0.5551869,0.16099797],[0.09891553,0.5463222,0.83171374,-0.0070935823],[-0.9827842,0.1847034,-0.0044425493,-0.3102616],[0,0,0,0.99999994]],"w":1920},{"cx":955.3401,"timestamp":18316.064092083,"cy":728.18896,"file_path":"images/43","fl_y":1466.5985,"h":1440,"fl_x":1466.5985,"transform_matrix":[[-0.036900315,-0.8455131,0.532678,0.13571067],[0.09024209,0.5280437,0.84440863,-0.020313796],[-0.99523586,0.07922893,0.056815896,-0.30100396],[0,0,0,0.9999998]],"w":1920},{"cx":955.4419,"timestamp":18316.764341416,"cy":727.9087,"file_path":"images/44","fl_y":1468.4296,"h":1440,"fl_x":1468.4296,"transform_matrix":[[0.04859117,-0.8527425,0.5200665,0.1403645],[0.07954241,0.5223314,0.84902465,-0.016746724],[-0.9956464,0.00011223994,0.09320991,-0.27462983],[0,0,0,0.99999994]],"w":1920},{"transform_matrix":[[0.2010208,-0.8326207,0.516075,0.13888893],[0.062525876,0.5366608,0.8414782,-0.008139551],[-0.97758937,-0.1368866,0.15994035,-0.25977328],[0,0,0,0.99999994]],"file_path":"images/45","cy":727.97906,"timestamp":18317.44791775,"cx":955.57434,"w":1920,"fl_x":1467.7683,"h":1440,"fl_y":1467.7683},{"transform_matrix":[[0.29139847,-0.81862384,0.49491596,0.14282405],[0.063604936,0.5328044,0.84384453,-0.011298677],[-0.95448476,-0.21441594,0.20732698,-0.23977338],[0,0,0,0.9999999]],"file_path":"images/46","cy":728.0107,"timestamp":18318.031458833,"cx":955.69476,"w":1920,"fl_x":1467.1362,"h":1440,"fl_y":1467.1362},{"transform_matrix":[[0.38421693,-0.7923565,0.47386566,0.13208751],[0.05532858,0.53210086,0.84487116,-0.0048449244],[-0.9215835,-0.29839548,0.24828213,-0.20414577],[0,0,0,0.99999994]],"file_path":"images/47","cy":728.04297,"timestamp":18318.564982,"cx":955.7306,"w":1920,"fl_x":1466.4568,"h":1440,"fl_y":1466.4568},{"transform_matrix":[[0.50503874,-0.7459322,0.43418992,0.13215363],[0.06530305,0.5346432,0.84255093,-0.0076511344],[-0.86062264,-0.39716703,0.31872725,-0.18076362],[0,0,0,0.99999994]],"file_path":"images/48","cy":727.989,"timestamp":18319.148522875,"cx":955.6616,"w":1920,"fl_x":1466.4785,"h":1440,"fl_y":1466.4785},{"transform_matrix":[[0.5808334,-0.7018046,0.41243535,0.12592606],[0.049902745,0.53640896,0.84248155,-0.007864364],[-0.8124914,-0.46875975,0.34658623,-0.16124715],[0,0,0,0.99999994]],"file_path":"images/49","cy":728.04205,"timestamp":18319.748736541,"cx":955.61816,"w":1920,"fl_x":1465.8792,"h":1440,"fl_y":1465.8792},{"transform_matrix":[[0.6204461,-0.676975,0.39591843,0.10432523],[0.028709838,0.5241056,0.8511692,-0.014228616],[-0.7837235,-0.5167379,0.34461516,-0.17609963],[0,0,0,0.99999994]],"file_path":"images/50","cy":728.08417,"timestamp":18320.382295291,"cx":955.6951,"w":1920,"fl_x":1465.8682,"h":1440,"fl_y":1465.8682},{"transform_matrix":[[0.72595006,-0.60381544,0.32924664,0.08327771],[0.04171776,0.51651144,0.8552635,-0.022961337],[-0.6864809,-0.60714316,0.40015143,-0.16087222],[0,0,0,0.99999994]],"file_path":"images/51","cy":727.9507,"timestamp":18320.932490875,"cx":955.8923,"w":1920,"fl_x":1467.7721,"h":1440,"fl_y":1467.7721},{"transform_matrix":[[0.79021454,-0.53963363,0.2904418,0.06865518],[0.039755404,0.51807666,0.8544098,-0.028289426],[-0.6115394,-0.6636204,0.43084514,-0.15316206],[0,0,0,0.99999994]],"file_path":"images/52","cy":727.8927,"timestamp":18321.466013791,"cx":955.75824,"w":1920,"fl_x":1468.4005,"h":1440,"fl_y":1468.4005},{"transform_matrix":[[0.8373052,-0.48461673,0.25311375,0.052027103],[0.041346263,0.5177547,0.85452944,-0.03226663],[-0.5451701,-0.70503664,0.45355585,-0.1418254],[0,0,0,0.99999994]],"file_path":"images/53","cy":727.8554,"timestamp":18321.982864083,"cx":955.8268,"w":1920,"fl_x":1469.1344,"h":1440,"fl_y":1469.1344},{"transform_matrix":[[0.89529085,-0.39467794,0.20660022,0.03271917],[0.036710747,0.52755433,0.8487277,-0.03269311],[-0.443967,-0.75227374,0.4868035,-0.12735915],[0,0,0,0.99999994]],"file_path":"images/54","cy":727.88605,"timestamp":18322.599750083,"cx":955.7951,"w":1920,"fl_x":1469.1344,"h":1440,"fl_y":1469.1344},{"transform_matrix":[[0.9408118,-0.30307075,0.15172735,0.018921904],[0.037585527,0.5381984,0.8419796,-0.029716192],[-0.33683884,-0.7864417,0.51773465,-0.11043512],[0,0,0,0.99999994]],"file_path":"images/55","cy":728.001,"timestamp":18323.316671458,"cx":955.79846,"w":1920,"fl_x":1468.7456,"h":1440,"fl_y":1468.7456},{"transform_matrix":[[0.9759616,-0.19988072,0.08686992,-0.002671379],[0.033086553,0.5298576,0.8474408,-0.042442944],[-0.21541578,-0.82419556,0.5237342,-0.11507845],[0,0,0,0.9999998]],"file_path":"images/56","cy":728.13666,"timestamp":18323.933557208,"cx":955.8487,"w":1920,"fl_x":1468.9928,"h":1440,"fl_y":1468.9928},{"transform_matrix":[[0.99676883,-0.07927322,0.012948588,-0.025752211],[0.0305372,0.52309227,0.85172874,-0.04285489],[-0.074292585,-0.8485813,0.52382296,-0.12245751],[0,0,0,0.99999994]],"file_path":"images/57","cy":727.98444,"timestamp":18324.450407458,"cx":955.81775,"w":1920,"fl_x":1470.9763,"h":1440,"fl_y":1470.9763},{"transform_matrix":[[0.9948846,0.059794873,-0.08141912,-0.055426776],[0.03435495,0.5576703,0.82935125,-0.05167161],[0.094995975,-0.82790595,0.55276334,-0.10296974],[0,0,0,0.99999994]],"file_path":"images/58","cy":727.91815,"timestamp":18325.033948291,"cx":955.91766,"w":1920,"fl_x":1471.5214,"h":1440,"fl_y":1471.5214},{"transform_matrix":[[0.9674303,0.18022229,-0.17775996,-0.07673742],[0.035717856,0.59801567,0.80068815,-0.0655922],[0.25060508,-0.7809591,0.57210135,-0.09836756],[0,0,0,0.99999994]],"file_path":"images/59","cy":728.1879,"timestamp":18325.500780791,"cx":955.8973,"w":1920,"fl_x":1471.5686,"h":1440,"fl_y":1471.5686},{"transform_matrix":[[0.9242213,0.27568302,-0.26422283,-0.105695136],[0.03932915,0.6195393,0.7839796,-0.084717356],[0.37982634,-0.7349624,0.5617491,-0.09067078],[0,0,0,0.9999998]],"file_path":"images/60","cy":728.4503,"timestamp":18326.050976208,"cx":955.85986,"w":1920,"fl_x":1473.3851,"h":1440,"fl_y":1473.3851},{"transform_matrix":[[0.84696877,0.38007638,-0.3717338,-0.1267096],[0.031149255,0.66253906,0.74837935,-0.101754114],[0.5307295,-0.64543307,0.54931086,-0.09588008],[0,0,0,0.99999994]],"file_path":"images/61","cy":728.7633,"timestamp":18326.767897708,"cx":955.8506,"w":1920,"fl_x":1475.4014,"h":1440,"fl_y":1475.4014},{"transform_matrix":[[0.77660316,0.434294,-0.45637286,-0.1658552],[0.026162708,0.70155483,0.71213496,-0.11010581],[0.6294465,-0.5649863,0.53346753,-0.094845645],[0,0,0,0.9999999]],"file_path":"images/62","cy":729.00055,"timestamp":18327.434801291,"cx":955.9178,"w":1920,"fl_x":1475.3287,"h":1440,"fl_y":1475.3287},{"transform_matrix":[[0.67548907,0.5030386,-0.5391352,-0.18618721],[0.020914137,0.7177951,0.69594014,-0.108376585],[0.73707336,-0.48137558,0.47434214,-0.12108412],[0,0,0,0.99999994]],"file_path":"images/63","cy":729.4008,"timestamp":18328.018341791,"cx":955.90216,"w":1920,"fl_x":1476.0735,"h":1440,"fl_y":1476.0735},{"transform_matrix":[[0.6126747,0.5582818,-0.5594203,-0.2030378],[0.013311072,0.70043707,0.7135899,-0.104804695],[0.790223,-0.44464508,0.42170885,-0.13370995],[0,0,0,0.9999999]],"file_path":"images/64","cy":729.35443,"timestamp":18328.618555166,"cx":955.8631,"w":1920,"fl_x":1475.9827,"h":1440,"fl_y":1475.9827},{"transform_matrix":[[0.5462398,0.59258336,-0.5920026,-0.20749417],[0.012496741,0.70091593,0.71313435,-0.10391347],[0.8375356,-0.3969405,0.37546283,-0.1510822],[0,0,0,0.99999994]],"file_path":"images/65","cy":729.2152,"timestamp":18329.185423291,"cx":955.96716,"w":1920,"fl_x":1476.0336,"h":1440,"fl_y":1476.0336},{"timestamp":18329.768963916,"file_path":"images/66","fl_x":1476.662,"cx":956.01117,"cy":729.21204,"fl_y":1476.662,"transform_matrix":[[0.4711254,0.6085652,-0.63850546,-0.22208376],[0.021735331,0.7156454,0.6981255,-0.10882209],[0.88179845,-0.3427828,0.32393137,-0.16067481],[0,0,0,0.99999994]],"w":1920,"h":1440},{"timestamp":18330.385849583,"file_path":"images/67","fl_x":1475.3141,"cx":955.9695,"cy":729.35895,"fl_y":1475.3141,"transform_matrix":[[0.34927434,0.6255847,-0.6976039,-0.25634006],[0.034416176,0.7354244,0.6767322,-0.10678801],[0.93638825,-0.26037404,0.23533466,-0.18081763],[0,0,0,0.99999994]],"w":1920,"h":1440},{"timestamp":18331.419549625,"file_path":"images/68","fl_x":1470.9401,"cx":955.78357,"cy":729.7165,"fl_y":1470.9401,"transform_matrix":[[0.18616283,0.620984,-0.761395,-0.2920709],[0.034379095,0.77035016,0.63669354,-0.1067679],[0.98191726,-0.14470474,0.122061715,-0.22904515],[0,0,0,0.99999994]],"w":1920,"h":1440},{"timestamp":18332.019762458,"file_path":"images/69","fl_x":1470.9,"cx":955.87646,"cy":729.7732,"fl_y":1470.9,"transform_matrix":[[0.10290229,0.61305046,-0.78331363,-0.29525945],[0.03269098,0.7849842,0.6186525,-0.11348229],[0.99415404,-0.08926807,0.06073547,-0.25776255],[0,0,0,0.9999999]],"w":1920,"h":1440},{"timestamp":18332.586630333,"file_path":"images/70","fl_x":1471.7102,"cx":955.87384,"cy":729.9075,"fl_y":1471.7102,"transform_matrix":[[-0.013924629,0.6010475,-0.7990919,-0.2916355],[0.033965923,0.7989924,0.60038084,-0.12425174],[0.9993259,-0.018781815,-0.031540815,-0.29409468],[0,0,0,0.9999998]],"w":1920,"h":1440},{"timestamp":18333.220188666,"file_path":"images/71","fl_x":1472.2406,"cx":955.8164,"cy":730.02057,"fl_y":1472.2406,"transform_matrix":[[-0.09438928,0.6094199,-0.7872089,-0.28523198],[0.04554873,0.7925548,0.6080969,-0.1312139],[0.99449277,0.021541474,-0.10256701,-0.321727],[0,0,0,0.9999998]],"w":1920,"h":1440},{"timestamp":18333.753711416,"file_path":"images/72","fl_x":1474.01,"cx":955.65424,"cy":729.96063,"fl_y":1474.01,"transform_matrix":[[-0.17105274,0.63034314,-0.7572376,-0.26818684],[0.024423141,0.7710413,0.6363167,-0.12796167],[0.9849591,0.090349585,-0.14728369,-0.31518534],[0,0,0,1]],"w":1920,"h":1440},{"timestamp":18334.503977583,"file_path":"images/73","fl_x":1476.0481,"cx":956.0106,"cy":729.81824,"fl_y":1476.0481,"transform_matrix":[[-0.2241986,0.6433401,-0.7320167,-0.26190674],[0.018023357,0.75374675,0.65691775,-0.12522382],[0.9743768,0.13408664,-0.18058415,-0.3397447],[0,0,0,0.99999994]],"w":1920,"h":1440},{"timestamp":18335.170880791,"file_path":"images/74","fl_x":1473.454,"cx":955.83997,"cy":729.7218,"fl_y":1473.454,"transform_matrix":[[-0.38884827,0.5978904,-0.7009451,-0.25665057],[0.0079441555,0.7629678,0.64638746,-0.11359669],[0.9212674,0.24577825,-0.3014285,-0.38062963],[0,0,0,0.9999999]],"w":1920,"h":1440},{"timestamp":18336.137890333,"file_path":"images/75","fl_x":1472.8619,"cx":955.97626,"cy":729.64996,"fl_y":1472.8619,"transform_matrix":[[-0.5257215,0.565627,-0.6353606,-0.22978052],[0.029961405,0.7587548,0.650687,-0.11488981],[0.85012895,0.32304382,-0.4158407,-0.41771144],[0,0,0,0.99999994]],"w":1920,"h":1440},{"timestamp":18336.8381385,"file_path":"images/76","fl_x":1472.9781,"cx":955.79254,"cy":729.7635,"fl_y":1472.9781,"transform_matrix":[[-0.5548727,0.5622478,-0.61318326,-0.2174196],[0.03366689,0.7516281,0.65872717,-0.1186038],[0.83125365,0.34486583,-0.43598714,-0.43641782],[0,0,0,0.9999999]],"w":1920,"h":1440},{"timestamp":18337.471696583,"file_path":"images/77","fl_x":1472.237,"cx":955.87256,"cy":729.6583,"fl_y":1472.237,"transform_matrix":[[-0.6507539,0.51373804,-0.5590998,-0.20822546],[0.017270546,0.7461711,0.66553,-0.10881285],[0.75909215,0.4234404,-0.49444646,-0.45466965],[0,0,0,0.99999994]],"w":1920,"h":1440},{"timestamp":18338.088582041,"file_path":"images/78","fl_x":1470.3224,"cx":955.9323,"cy":729.63873,"fl_y":1470.3224,"transform_matrix":[[-0.76849455,0.43318224,-0.4709237,-0.18108284],[0.03769752,0.7653572,0.64250064,-0.108448185],[0.6387447,0.47600564,-0.60450286,-0.5036789],[0,0,0,0.99999994]],"w":1920,"h":1440},{"timestamp":18338.588759416,"file_path":"images/79","fl_x":1469.6903,"cx":955.713,"cy":729.7978,"fl_y":1469.6903,"transform_matrix":[[-0.82514673,0.38966483,-0.40901607,-0.15894514],[0.045853302,0.7678356,0.6390038,-0.11409244],[0.5630544,0.5085172,-0.65144455,-0.5261805],[0,0,0,0.9999999]],"w":1920,"h":1440},{"timestamp":18339.122282125,"file_path":"images/80","fl_x":1469.1127,"cx":955.70465,"cy":729.81573,"fl_y":1469.1127,"transform_matrix":[[-0.89521956,0.3107269,-0.31942248,-0.13830855],[0.053145096,0.7861247,0.6157788,-0.111451834],[0.44244495,0.53428155,-0.7202679,-0.5435823],[0,0,0,0.99999994]],"w":1920,"h":1440},{"timestamp":18339.722495125,"file_path":"images/81","fl_x":1467.9065,"cx":955.7128,"cy":729.9986,"fl_y":1467.9065,"transform_matrix":[[-0.93715215,0.24106036,-0.2522614,-0.11472621],[0.046673834,0.8030855,0.594033,-0.11519671],[0.34578526,0.54492533,-0.7638646,-0.55476063],[0,0,0,0.99999994]],"w":1920,"h":1440},{"timestamp":18340.222672666,"file_path":"images/82","fl_x":1468.5095,"cx":955.6972,"cy":730.0871,"fl_y":1468.5095,"transform_matrix":[[-0.9690052,0.18916456,-0.15888815,-0.085917145],[0.057009116,0.79703665,0.601234,-0.12008942],[0.24037187,0.5735409,-0.7831169,-0.55186224],[0,0,0,0.99999994]],"w":1920,"h":1440},{"timestamp":18340.822885583,"file_path":"images/83","fl_x":1469.2324,"cx":955.64984,"cy":730.0809,"fl_y":1469.2324,"transform_matrix":[[-0.99101436,0.10586914,-0.08174494,-0.047289215],[0.03263677,0.78407633,0.61980575,-0.10834276],[0.12971258,0.6115685,-0.7804862,-0.540016],[0,0,0,1]],"w":1920,"h":1440},{"timestamp":18341.323063,"file_path":"images/84","fl_x":1470.2678,"cx":955.79254,"cy":729.94495,"fl_y":1470.2678,"transform_matrix":[[-0.998361,0.05722396,0.00072580087,-0.01999259],[0.04520602,0.78078556,0.62316144,-0.11460261],[0.035093073,0.62217295,-0.78209287,-0.53767544],[0,0,0,0.9999998]],"w":1920,"h":1440},{"timestamp":18341.839912833,"file_path":"images/85","fl_x":1470.9873,"cx":955.7062,"cy":729.9597,"fl_y":1470.9873,"transform_matrix":[[-0.993409,-0.047120538,0.104490064,0.002072559],[0.02823215,0.7829254,0.6214747,-0.11107534],[-0.111092165,0.62032855,-0.7764349,-0.52793926],[0,0,0,0.99999994]],"w":1920,"h":1440},{"timestamp":18342.34009025,"file_path":"images/86","fl_x":1471.6302,"cx":955.86975,"cy":729.9314,"fl_y":1471.6302,"transform_matrix":[[-0.975402,-0.10437697,0.19415528,0.032341946],[0.037955496,0.7881083,0.6143652,-0.111188576],[-0.21714094,0.6066224,-0.76476085,-0.5197301],[0,0,0,0.9999999]],"w":1920,"h":1440},{"fl_x":1471.2598,"fl_y":1471.2598,"transform_matrix":[[-0.9510825,-0.15829384,0.26530173,0.07878354],[0.037812356,0.79265535,0.6084963,-0.1000245],[-0.30661404,0.5887619,-0.7478952,-0.5051243],[0,0,0,0.99999994]],"file_path":"images/87","timestamp":18342.873612708,"cx":955.7738,"cy":729.99207,"h":1440,"w":1920},{"fl_x":1469.6685,"fl_y":1469.6685,"transform_matrix":[[-0.9162971,-0.21985047,0.33476174,0.091623686],[0.0314205,0.7938233,0.6073362,-0.097446986],[-0.3992648,0.5670188,-0.7204702,-0.49299046],[0,0,0,0.99999994]],"file_path":"images/88","timestamp":18343.490498083,"cx":955.7031,"cy":729.99524,"h":1440,"w":1920},{"fl_x":1481.6466,"fl_y":1481.6466,"transform_matrix":[[-0.45118475,-0.5245656,0.72198546,0.16167562],[0.0059587033,0.8072215,0.59021837,-0.14273763],[-0.8924106,0.27059966,-0.36108035,-0.39210537],[0,0,0,0.9999998]],"file_path":"images/89","timestamp":18347.341861791,"cx":956.11414,"cy":730.10345,"h":1440,"w":1920},{"fl_x":1477.8391,"fl_y":1477.8391,"transform_matrix":[[-0.36917597,-0.53920245,0.75694776,0.17935576],[0.010707799,0.8119613,0.5836131,-0.14032131],[-0.9292978,0.22356115,-0.29398292,-0.37355995],[0,0,0,0.99999994]],"file_path":"images/90","timestamp":18348.12547325,"cx":955.9318,"cy":730.1327,"h":1440,"w":1920},{"fl_x":1477.0544,"fl_y":1477.0544,"transform_matrix":[[-0.27083057,-0.5574485,0.78479415,0.1967675],[0.025302043,0.81085885,0.5846944,-0.1380621],[-0.96229434,0.17821003,-0.20550084,-0.35556749],[0,0,0,0.9999999]],"file_path":"images/91","timestamp":18348.809049333,"cx":955.90344,"cy":730.1856,"h":1440,"w":1920},{"fl_x":1475.2598,"fl_y":1475.2598,"transform_matrix":[[-0.12459305,-0.5673214,0.81401664,0.2060328],[0.016506858,0.8191106,0.5733981,-0.14012899],[-0.9920706,0.08487827,-0.092690796,-0.3194495],[0,0,0,0.99999994]],"file_path":"images/92","timestamp":18349.592660833,"cx":955.77856,"cy":730.18494,"h":1440,"w":1920},{"fl_x":1479.6302,"fl_y":1479.6302,"transform_matrix":[[0.046034172,-0.5797797,0.8134719,0.17136194],[0.035233226,0.8147709,0.57871157,-0.1484401],[-0.9983183,0.0020207248,0.057934813,-0.28226537],[0,0,0,0.99999994]],"file_path":"images/93","timestamp":18350.326254416,"cx":955.86786,"cy":730.2393,"h":1440,"w":1920},{"fl_x":1483.5684,"fl_y":1483.5684,"transform_matrix":[[0.16226274,-0.593195,0.7885371,0.16625477],[0.051580887,0.8031339,0.5935616,-0.14891246],[-0.9853985,-0.055639483,0.16091621,-0.26531735],[0,0,0,0.99999994]],"file_path":"images/94","timestamp":18350.9598125,"cx":955.76416,"cy":730.1,"h":1440,"w":1920},{"fl_x":1481.4758,"fl_y":1481.4758,"transform_matrix":[[0.297482,-0.5794021,0.7588134,0.16912417],[0.043064415,0.8021301,0.59559447,-0.14334968],[-0.9537556,-0.14450079,0.2635709,-0.24254893],[0,0,0,0.9999999]],"file_path":"images/95","timestamp":18351.626715666,"cx":955.6864,"cy":730.1126,"h":1440,"w":1920},{"fl_x":1479.6084,"fl_y":1479.6084,"transform_matrix":[[0.39700183,-0.5628054,0.7250101,0.16245154],[0.01982564,0.7950024,0.60628223,-0.14183863],[-0.9176037,-0.2263214,0.3267754,-0.22052631],[0,0,0,0.99999994]],"file_path":"images/96","timestamp":18352.376981708,"cx":955.82684,"cy":730.06744,"h":1440,"w":1920},{"fl_x":1479.7137,"fl_y":1479.7137,"transform_matrix":[[0.47552004,-0.5479714,0.6881919,0.15033908],[0.029205771,0.79170114,0.61021006,-0.14064777],[-0.87921995,-0.27006796,0.3924737,-0.19710524],[0,0,0,0.99999994]],"file_path":"images/97","timestamp":18352.993867083,"cx":955.8552,"cy":730.0198,"h":1440,"w":1920},{"fl_x":1478.5511,"fl_y":1478.5511,"transform_matrix":[[0.55419874,-0.5289353,0.6427217,0.137559],[0.035615496,0.7865063,0.6165544,-0.13466278],[-0.83162206,-0.31880283,0.45471916,-0.17213678],[0,0,0,0.99999994]],"file_path":"images/98","timestamp":18353.710788,"cx":955.87756,"cy":730.0122,"h":1440,"w":1920},{"fl_x":1477.0618,"fl_y":1477.0618,"transform_matrix":[[0.64995664,-0.48846015,0.5822053,0.12774037],[0.029359197,0.7816552,0.62301946,-0.12981586],[-0.7594039,-0.38784257,0.5223828,-0.14994313],[0,0,0,0.99999994]],"file_path":"images/99","timestamp":18354.444381333,"cx":955.81976,"cy":729.96277,"h":1440,"w":1920}],"fl_x":1462.2316,"cy":728.6954,"h":1440,"w":1920,"fl_y":1462.2316}