{"h":1440,"frames":[{"cy":730.0842,"timestamp":17413.193774416,"transform_matrix":[[0.9342971,0.19348802,-0.2994185,-0.052255295],[0.03015774,0.7939863,0.60718733,-0.37920105],[0.35521758,-0.57632303,0.7359839,-0.091132134],[0,0,0,1]],"w":1920,"fl_x":1476.6439,"cx":955.8266,"file_path":"images/0","h":1440,"fl_y":1476.6439},{"cy":729.95496,"timestamp":17414.527580708,"transform_matrix":[[0.9157313,0.20608859,-0.344911,-0.09283863],[0.06662757,0.76865965,0.63617843,-0.3711171],[0.39622828,-0.60554916,0.6901546,-0.097325526],[0,0,0,1]],"w":1920,"fl_x":1475.99,"cx":955.5884,"file_path":"images/1","h":1440,"fl_y":1475.99},{"cy":729.8454,"timestamp":17415.577952791,"transform_matrix":[[0.8409421,0.30133075,-0.44946215,-0.116181925],[0.08439504,0.7474075,0.65898377,-0.37680754],[0.5345034,-0.59209955,0.6030957,-0.12119446],[0,0,0,1]],"w":1920,"fl_x":1476.0226,"cx":955.5691,"file_path":"images/2","h":1440,"fl_y":1476.0226},{"cy":729.6807,"timestamp":17416.611652375,"transform_matrix":[[0.82397145,0.33056945,-0.46021193,-0.113179326],[0.07405687,0.7423966,0.665855,-0.3586933],[0.56177104,-0.5827273,0.58723265,-0.14218318],[0,0,0,1]],"w":1920,"fl_x":1477.2761,"cx":955.4375,"file_path":"images/3","h":1440,"fl_y":1477.2761},{"cy":729.56354,"timestamp":17417.428608583,"transform_matrix":[[0.76383907,0.40528673,-0.50228745,-0.122243315],[0.06421935,0.72666025,0.68398887,-0.35503486],[0.64220387,-0.55471396,0.52902424,-0.16261676],[0,0,0,1]],"w":1920,"fl_x":1477.8755,"cx":955.4368,"file_path":"images/4","h":1440,"fl_y":1477.8755},{"cy":729.46173,"timestamp":17418.362272625,"transform_matrix":[[0.69765925,0.46122426,-0.5482187,-0.1377463],[0.07639912,0.7129503,0.6970402,-0.35642996],[0.7123445,-0.52818,0.46215922,-0.18416858],[0,0,0,0.99999994]],"w":1920,"fl_x":1479.7283,"cx":955.5304,"file_path":"images/5","h":1440,"fl_y":1479.7283},{"cy":729.4145,"timestamp":17419.129210875,"transform_matrix":[[0.64434654,0.49976337,-0.57883877,-0.14650105],[0.0888269,0.7028808,0.70573956,-0.3559554],[0.75955737,-0.50615734,0.4085064,-0.20103315],[0,0,0,1]],"w":1920,"fl_x":1479.1289,"cx":955.4641,"file_path":"images/6","h":1440,"fl_y":1479.1289},{"cy":729.3422,"timestamp":17419.879476416,"transform_matrix":[[0.58848286,0.534475,-0.60665023,-0.15531096],[0.10065773,0.6960611,0.7108917,-0.35610065],[0.8022194,-0.47941163,0.35582107,-0.21673875],[0,0,0,1]],"w":1920,"fl_x":1479.79,"cx":955.3277,"file_path":"images/7","h":1440,"fl_y":1479.79},{"cy":729.28827,"timestamp":17420.46301625,"transform_matrix":[[0.5390803,0.56558263,-0.6241064,-0.16051401],[0.09573725,0.695045,0.7125635,-0.35877708],[0.8367956,-0.4438792,0.32053778,-0.2228267],[0,0,0,1]],"w":1920,"fl_x":1479.8481,"cx":955.3117,"file_path":"images/8","h":1440,"fl_y":1479.8481},{"cy":729.3232,"timestamp":17421.363335083,"transform_matrix":[[0.48917434,0.6097174,-0.62366104,-0.15282124],[0.06338719,0.68831134,0.72264063,-0.36640838],[0.86987954,-0.3930294,0.29805595,-0.23294112],[0,0,0,0.99999994]],"w":1920,"fl_x":1481.494,"cx":955.4046,"file_path":"images/9","h":1440,"fl_y":1481.494},{"cy":729.2711,"timestamp":17422.096927833,"transform_matrix":[[0.3630301,0.6526263,-0.6650475,-0.15840365],[0.077416696,0.69014686,0.71951646,-0.37131453],[0.9285557,-0.31269196,0.20001996,-0.25889647],[0,0,0,1]],"w":1920,"fl_x":1483.3723,"cx":955.50305,"file_path":"images/10","h":1440,"fl_y":1483.3723},{"cy":729.2287,"timestamp":17423.013918791,"transform_matrix":[[0.2297065,0.6890345,-0.6873619,-0.15765396],[0.07031409,0.6926524,0.71783596,-0.36488858],[0.9707166,-0.2132228,0.11065796,-0.2736755],[0,0,0,0.99999994]],"w":1920,"fl_x":1484.0408,"cx":955.4404,"file_path":"images/11","h":1440,"fl_y":1484.0408},{"cy":729.2656,"timestamp":17423.880892083,"transform_matrix":[[0.10361547,0.7066285,-0.6999571,-0.159177],[0.058258098,0.69822496,0.7135039,-0.36639085],[0.9929097,-0.114708215,0.0311801,-0.29134196],[0,0,0,0.9999999]],"w":1920,"fl_x":1485.305,"cx":955.55164,"file_path":"images/12","h":1440,"fl_y":1485.305},{"cy":729.3639,"timestamp":17424.647829916,"transform_matrix":[[0.040692832,0.69306517,-0.7197255,-0.16344568],[0.04424678,0.7183655,0.69425726,-0.3613493],[0.9981914,-0.060096845,-0.0014335593,-0.30347276],[0,0,0,1]],"w":1920,"fl_x":1484.5857,"cx":955.65015,"file_path":"images/13","h":1440,"fl_y":1484.5857},{"cy":729.4221,"timestamp":17425.44811275,"transform_matrix":[[-0.028886018,0.70279443,-0.71080625,-0.16161828],[0.041361626,0.71133435,0.7016357,-0.37318525],[0.99872655,-0.009132651,-0.049616326,-0.30871767],[0,0,0,0.99999994]],"w":1920,"fl_x":1484.5857,"cx":955.7433,"file_path":"images/14","h":1440,"fl_y":1484.5857},{"cy":729.31146,"timestamp":17426.365103541,"transform_matrix":[[-0.11248662,0.72936887,-0.6748096,-0.14934285],[0.027929809,0.68117225,0.7315903,-0.36474788],[0.9932607,0.06344681,-0.09699389,-0.32696322],[0,0,0,1]],"w":1920,"fl_x":1487.8264,"cx":955.7086,"file_path":"images/15","h":1440,"fl_y":1487.8264},{"cy":729.18744,"timestamp":17427.248749166,"transform_matrix":[[-0.202231,0.7377872,-0.6440285,-0.15064104],[0.060533468,0.6657757,0.74369234,-0.35972726],[0.9774652,0.111412376,-0.17930132,-0.34334296],[0,0,0,1]],"w":1920,"fl_x":1485.9626,"cx":955.7986,"file_path":"images/16","h":1440,"fl_y":1485.9626},{"cy":728.9414,"timestamp":17428.149067208,"transform_matrix":[[-0.29990435,0.75046223,-0.5889516,-0.14946823],[0.059094824,0.6307986,0.7736931,-0.34652278],[0.95213723,0.19722989,-0.23352766,-0.3627433],[0,0,0,1]],"w":1920,"fl_x":1483.681,"cx":955.6277,"file_path":"images/17","h":1440,"fl_y":1483.681},{"cy":728.8215,"timestamp":17428.949349916,"transform_matrix":[[-0.3836943,0.7382051,-0.55482626,-0.13303961],[0.07715894,0.6243392,0.7773334,-0.34169465],[0.9202311,0.25544855,-0.2965145,-0.3981105],[0,0,0,1]],"w":1920,"fl_x":1481.6029,"cx":955.484,"file_path":"images/18","h":1440,"fl_y":1481.6029},{"cy":728.80316,"timestamp":17429.832995375,"transform_matrix":[[-0.49326825,0.69583696,-0.5220129,-0.11767213],[0.029362172,0.6130762,0.789478,-0.33689886],[0.86938167,0.37409696,-0.32284233,-0.40232837],[0,0,0,0.99999994]],"w":1920,"fl_x":1481.5049,"cx":955.5355,"file_path":"images/19","h":1440,"fl_y":1481.5049},{"cy":728.7779,"timestamp":17431.583613208,"transform_matrix":[[-0.6339346,0.6133218,-0.47112983,-0.10021643],[0.023059348,0.6238961,0.781167,-0.3463876],[0.7730428,0.4843448,-0.40965217,-0.4386664],[0,0,0,0.99999994]],"w":1920,"fl_x":1481.5521,"cx":955.81757,"file_path":"images/20","h":1440,"fl_y":1481.5521},{"cy":729.1077,"timestamp":17435.535007791,"transform_matrix":[[-0.90045184,0.34861127,-0.260109,-0.079292074],[0.053816956,0.68271315,0.7287019,-0.3354359],[0.43161348,0.64216274,-0.63351154,-0.472005],[0,0,0,0.99999994]],"w":1920,"fl_x":1478.4713,"cx":955.2644,"file_path":"images/21","h":1440,"fl_y":1478.4713},{"cy":729.214,"timestamp":17436.285272875,"transform_matrix":[[-0.91563886,0.31261256,-0.2527427,-0.082146436],[0.0370371,0.6916375,0.7212946,-0.32800505],[0.40029207,0.65108454,-0.64486843,-0.48328272],[0,0,0,1]],"w":1920,"fl_x":1474.664,"cx":955.562,"file_path":"images/22","h":1440,"fl_y":1474.664},{"cy":729.31506,"timestamp":17437.202263583,"transform_matrix":[[-0.95455927,0.23628078,-0.18162556,-0.052783236],[0.033900514,0.69157153,0.72151196,-0.32367575],[0.2960865,0.6825687,-0.6681562,-0.4922366],[0,0,0,0.99999994]],"w":1920,"fl_x":1473.4613,"cx":955.7014,"file_path":"images/23","h":1440,"fl_y":1473.4613},{"cy":729.15607,"timestamp":17437.985873666,"transform_matrix":[[-0.9800928,0.17081566,-0.10119338,-0.040935636],[0.04427306,0.6848891,0.72730106,-0.32909527],[0.19354065,0.70834243,-0.67881733,-0.4952714],[0,0,0,1]],"w":1920,"fl_x":1473.3778,"cx":955.5895,"file_path":"images/24","h":1440,"fl_y":1473.3778},{"cy":729.2255,"timestamp":17438.752810958,"transform_matrix":[[-0.99112153,0.11302407,-0.07002544,-0.032679815],[0.028219724,0.69349194,0.71991146,-0.33471107],[0.12992941,0.7115437,-0.69052434,-0.50929606],[0,0,0,0.9999999]],"w":1920,"fl_x":1472.1389,"cx":955.6675,"file_path":"images/25","h":1440,"fl_y":1472.1389},{"cy":729.29175,"timestamp":17439.503075708,"transform_matrix":[[-0.9982279,0.059229847,0.0057287733,0.016512599],[0.045418806,0.69616896,0.71643966,-0.33510387],[0.038446408,0.7154302,-0.6976254,-0.50718063],[0,0,0,0.9999999]],"w":1920,"fl_x":1473.494,"cx":955.7179,"file_path":"images/26","h":1440,"fl_y":1473.494},{"cy":729.2872,"timestamp":17440.253340375,"transform_matrix":[[-0.998038,0.010991112,0.06163945,0.031678967],[0.051972363,0.69442225,0.7176883,-0.33484432],[-0.034915596,0.7194838,-0.69363105,-0.5083769],[0,0,0,1]],"w":1920,"fl_x":1474.0499,"cx":955.57074,"file_path":"images/27","h":1440,"fl_y":1474.0499},{"cy":729.2645,"timestamp":17440.903569833,"transform_matrix":[[-0.9934678,-0.025549259,0.11121596,0.04556857],[0.062156435,0.6961886,0.7151628,-0.33235604],[-0.095699154,0.71740407,-0.6900529,-0.5044907],[0,0,0,0.99999994]],"w":1920,"fl_x":1474.0463,"cx":955.57385,"file_path":"images/28","h":1440,"fl_y":1474.0463},{"cy":729.2677,"timestamp":17441.620489125,"transform_matrix":[[-0.9847715,-0.05596795,0.16459802,0.06631054],[0.079542555,0.6968117,0.71282977,-0.33453524],[-0.15458944,0.7150671,-0.68174857,-0.50302875],[0,0,0,0.99999994]],"w":1920,"fl_x":1474.1371,"cx":955.4899,"file_path":"images/29","h":1440,"fl_y":1474.1371},{"cy":729.3898,"timestamp":17442.387426291,"transform_matrix":[[-0.96470815,-0.114273295,0.23723346,0.10594057],[0.091005236,0.70072365,0.70760465,-0.33402184],[-0.24709542,0.7042215,-0.6655944,-0.48946217],[0,0,0,0.99999994]],"w":1920,"fl_x":1474.0717,"cx":955.3495,"file_path":"images/30","h":1440,"fl_y":1474.0717},{"cy":729.32635,"timestamp":17443.154363208,"transform_matrix":[[-0.92907715,-0.19889297,0.31186083,0.1288442],[0.086194724,0.7034983,0.7054506,-0.33482963],[-0.3597027,0.68229884,-0.63646066,-0.48828045],[0,0,0,0.9999999]],"w":1920,"fl_x":1472.8837,"cx":955.15234,"file_path":"images/31","h":1440,"fl_y":1472.8837},{"cy":729.2437,"timestamp":17443.987990416,"transform_matrix":[[-0.91931295,-0.24486001,0.30807006,0.119420744],[0.059268206,0.68776417,0.7235107,-0.3456142],[-0.38903835,0.68339145,-0.61775815,-0.48144972],[0,0,0,0.99999994]],"w":1920,"fl_x":1475.387,"cx":955.38074,"file_path":"images/32","h":1440,"fl_y":1475.387},{"cy":729.2921,"timestamp":17444.721582333,"transform_matrix":[[-0.859613,-0.30921754,0.4067553,0.14320254],[0.08444138,0.6991615,0.7099598,-0.3477555],[-0.50391966,0.64463764,-0.5748976,-0.46558198],[0,0,0,0.99999994]],"w":1920,"fl_x":1477.1307,"cx":955.4674,"file_path":"images/33","h":1440,"fl_y":1477.1307},{"cy":729.28033,"timestamp":17445.48851925,"transform_matrix":[[-0.8055415,-0.3731653,0.4602723,0.15232112],[0.08737472,0.693481,0.71515715,-0.34959945],[-0.58606184,0.6163048,-0.52602255,-0.45633182],[0,0,0,0.99999994]],"w":1920,"fl_x":1478.475,"cx":955.2273,"file_path":"images/34","h":1440,"fl_y":1478.475},{"cy":729.3102,"timestamp":17446.188765958,"transform_matrix":[[-0.7600888,-0.42611864,0.4905997,0.16171448],[0.07953082,0.6883007,0.72105277,-0.34199125],[-0.64493406,0.58708185,-0.4892801,-0.4436135],[0,0,0,1]],"w":1920,"fl_x":1478.4241,"cx":955.2523,"file_path":"images/35","h":1440,"fl_y":1478.4241},{"cy":729.22626,"timestamp":17446.955702875,"transform_matrix":[[-0.70482624,-0.47377032,0.5279791,0.17748351],[0.07552239,0.6899373,0.71991867,-0.33461604],[-0.70534843,0.5472918,-0.45050567,-0.43640655],[0,0,0,1]],"w":1920,"fl_x":1476.6003,"cx":955.34534,"file_path":"images/36","h":1440,"fl_y":1476.6003},{"cy":729.23206,"timestamp":17447.672622333,"transform_matrix":[[-0.6553063,-0.5109786,0.5563045,0.19489877],[0.078280054,0.6865678,0.72283953,-0.3339889],[-0.7512962,0.5172288,-0.40991277,-0.42882746],[0,0,0,1]],"w":1920,"fl_x":1475.3469,"cx":955.33484,"file_path":"images/37","h":1440,"fl_y":1475.3469},{"cy":729.2221,"timestamp":17448.306178666,"transform_matrix":[[-0.610897,-0.53800446,0.5808236,0.20220752],[0.078640506,0.6887683,0.7207037,-0.3343819],[-0.78779465,0.48595193,-0.37845764,-0.42021713],[0,0,0,1]],"w":1920,"fl_x":1474.1224,"cx":955.3467,"file_path":"images/38","h":1440,"fl_y":1474.1224},{"cy":729.21313,"timestamp":17448.973080333,"transform_matrix":[[-0.5611638,-0.5668076,0.6031785,0.21834849],[0.08155102,0.68732846,0.72175413,-0.32744926],[-0.8236775,0.45421207,-0.33948013,-0.40826103],[0,0,0,1]],"w":1920,"fl_x":1473.3524,"cx":955.3803,"file_path":"images/39","h":1440,"fl_y":1473.3524},{"cy":729.25586,"timestamp":17449.656654291,"transform_matrix":[[-0.5237676,-0.5932822,0.6112967,0.22037992],[0.07469778,0.68285036,0.72672933,-0.32958508],[-0.8485798,0.4262998,-0.3133381,-0.3953247],[0,0,0,0.99999994]],"w":1920,"fl_x":1472.92,"cx":955.3224,"file_path":"images/40","h":1440,"fl_y":1472.92},{"cy":729.2435,"timestamp":17450.306883291,"transform_matrix":[[-0.47446135,-0.6230213,0.62187696,0.22743417],[0.079997785,0.673016,0.735289,-0.32953307],[-0.8766339,0.3986149,-0.26947975,-0.38145676],[0,0,0,1]],"w":1920,"fl_x":1472.2443,"cx":955.33356,"file_path":"images/41","h":1440,"fl_y":1472.2443},{"cy":729.1281,"timestamp":17450.907094625,"transform_matrix":[[-0.42913815,-0.6390703,0.63830227,0.23328124],[0.09383041,0.6713165,0.7352075,-0.32938263],[-0.898352,0.37539768,-0.22812328,-0.36071017],[0,0,0,1]],"w":1920,"fl_x":1472.9746,"cx":955.31104,"file_path":"images/42","h":1440,"fl_y":1472.9746},{"cy":728.9125,"timestamp":17452.107517125,"transform_matrix":[[-0.2623777,-0.7228421,0.63926303,0.22616862],[0.08610948,0.6422909,0.76160854,-0.34352267],[-0.9611155,0.25487575,-0.10627929,-0.31965867],[0,0,0,1]],"w":1920,"fl_x":1474.1152,"cx":955.2052,"file_path":"images/43","h":1440,"fl_y":1474.1152},{"cy":729.00555,"timestamp":17452.94114375,"transform_matrix":[[-0.18910936,-0.7338608,0.65244627,0.22582695],[0.08689174,0.64932275,0.75553286,-0.34448445],[-0.97810405,0.19957054,-0.05902659,-0.3075368],[0,0,0,1]],"w":1920,"fl_x":1475.4232,"cx":955.3059,"file_path":"images/44","h":1440,"fl_y":1475.4232},{"cy":729.4095,"timestamp":17458.709840833,"transform_matrix":[[0.21223336,-0.68594295,0.69601685,0.22358102],[0.061247908,0.7201791,0.69107944,-0.35306004],[-0.97529775,-0.10404053,0.19485861,-0.257756],[0,0,0,0.99999994]],"w":1920,"fl_x":1476.5676,"cx":955.443,"file_path":"images/45","h":1440,"fl_y":1476.5676},{"cy":729.4308,"timestamp":17459.476778,"transform_matrix":[[0.21415882,-0.69032586,0.6910761,0.22075337],[0.06680315,0.7161851,0.6947058,-0.35463265],[-0.9745118,-0.10261132,0.1994933,-0.2527707],[0,0,0,1]],"w":1920,"fl_x":1476.5858,"cx":955.46564,"file_path":"images/46","h":1440,"fl_y":1476.5858},{"cy":729.4567,"timestamp":17460.277060375,"transform_matrix":[[0.32309407,-0.67539626,0.6629104,0.19612405],[0.059027087,0.71349746,0.6981671,-0.35541907],[-0.9445243,-0.18644397,0.27039346,-0.23342456],[0,0,0,1]],"w":1920,"fl_x":1480.3096,"cx":955.4045,"file_path":"images/47","h":1440,"fl_y":1480.3096},{"cy":729.41846,"timestamp":17461.09401525,"transform_matrix":[[0.4359722,-0.6602862,0.6115148,0.18133725],[0.0669083,0.7013912,0.7096292,-0.35271797],[-0.8974695,-0.2684632,0.34996572,-0.20870493],[0,0,0,1]],"w":1920,"fl_x":1480.8801,"cx":955.4479,"file_path":"images/48","h":1440,"fl_y":1480.8801},{"cy":729.3507,"timestamp":17461.910969625,"transform_matrix":[[0.51901984,-0.6309577,0.57663757,0.16074973],[0.052108824,0.69671905,0.71544904,-0.35298684],[-0.8531724,-0.34128433,0.39448947,-0.19706488],[0,0,0,1]],"w":1920,"fl_x":1483.5431,"cx":955.3583,"file_path":"images/49","h":1440,"fl_y":1483.5431},{"cy":729.285,"timestamp":17462.71125125,"transform_matrix":[[0.6237385,-0.5852638,0.51808935,0.14932072],[0.05945494,0.69643426,0.71515346,-0.3570046],[-0.7793686,-0.4152658,0.46918973,-0.1810784],[0,0,0,0.9999999]],"w":1920,"fl_x":1483.4958,"cx":955.5012,"file_path":"images/50","h":1440,"fl_y":1483.4958},{"cy":729.27826,"timestamp":17463.594895583,"transform_matrix":[[0.7234244,-0.5033938,0.4724953,0.1469453],[0.054509778,0.72388464,0.6877642,-0.3772034],[-0.68824834,-0.4717898,0.55111575,-0.166606],[0,0,0,0.99999994]],"w":1920,"fl_x":1486.5839,"cx":955.54456,"file_path":"images/51","h":1440,"fl_y":1486.5839},{"cy":729.6514,"timestamp":17464.378504625,"transform_matrix":[[0.8296266,-0.41757607,0.3706077,0.11171193],[0.0723992,0.7386492,0.67019093,-0.3835401],[-0.55360466,-0.5291765,0.6430352,-0.14998783],[0,0,0,1]],"w":1920,"fl_x":1487.5793,"cx":955.5877,"file_path":"images/52","h":1440,"fl_y":1487.5793},{"cy":729.6811,"timestamp":17465.195458708,"transform_matrix":[[0.91591704,-0.3085864,0.25665256,0.09387517],[0.07622843,0.7615477,0.6436106,-0.38104263],[-0.3940626,-0.56992954,0.7210375,-0.12935111],[0,0,0,1]],"w":1920,"fl_x":1487.285,"cx":955.2379,"file_path":"images/53","h":1440,"fl_y":1487.285},{"cy":729.8011,"timestamp":17466.029085333,"transform_matrix":[[0.97544485,-0.17381117,0.1352659,0.066902034],[0.054672733,0.7860346,0.61576,-0.3860822],[-0.21334963,-0.5932446,0.7762362,-0.112008],[0,0,0,0.9999998]],"w":1920,"fl_x":1483.4304,"cx":955.383,"file_path":"images/54","h":1440,"fl_y":1483.4304},{"cy":729.9402,"timestamp":17467.179489833,"transform_matrix":[[0.9946691,-0.09388812,0.042644795,0.033682913],[0.04765198,0.78524154,0.6173533,-0.39335233],[-0.09144861,-0.6120301,0.7855295,-0.097567506],[0,0,0,1]],"w":1920,"fl_x":1480.8473,"cx":955.50006,"file_path":"images/55","h":1440,"fl_y":1480.8473},{"cy":730.20087,"timestamp":17468.113151333,"transform_matrix":[[0.997066,0.0031846757,-0.07647921,0.010813992],[0.04071631,0.8239937,0.5651341,-0.4020479],[0.06481815,-0.56658995,0.8214466,-0.0841247],[0,0,0,0.99999994]],"w":1920,"fl_x":1481.5376,"cx":955.5642,"file_path":"images/56","h":1440,"fl_y":1481.5376},{"cy":730.1553,"timestamp":17469.0301405,"transform_matrix":[[0.9899846,0.04976902,-0.13211155,-0.009491581],[0.040778294,0.795101,0.6051045,-0.38783702],[0.13515748,-0.6044314,0.78510827,-0.07683341],[0,0,0,0.99999994]],"w":1920,"fl_x":1479.0453,"cx":955.59155,"file_path":"images/57","h":1440,"fl_y":1479.0453},{"cy":730.01764,"timestamp":17469.780404208,"transform_matrix":[[0.9770962,0.082364425,-0.1962122,-0.049700588],[0.05507038,0.7927736,0.6070234,-0.38770494],[0.20554897,-0.60392576,0.7700802,-0.076907106],[0,0,0,1]],"w":1920,"fl_x":1475.9463,"cx":955.62396,"file_path":"images/58","h":1440,"fl_y":1475.9463},{"cy":730.03485,"timestamp":17470.513995666,"transform_matrix":[[0.9500849,0.15342042,-0.27166298,-0.06639869],[0.052033525,0.78062445,0.6228306,-0.38725558],[0.3076217,-0.6058775,0.73367655,-0.08324167],[0,0,0,1]],"w":1920,"fl_x":1474.6965,"cx":955.3807,"file_path":"images/59","h":1440,"fl_y":1474.6965},{"cy":730.02954,"timestamp":17471.430984666,"transform_matrix":[[0.8904679,0.22716472,-0.39428815,-0.1055426],[0.072621614,0.7844303,0.6159508,-0.38560715],[0.44921383,-0.5771182,0.6820129,-0.10545071],[0,0,0,1]],"w":1920,"fl_x":1475.296,"cx":955.6134,"file_path":"images/60","h":1440,"fl_y":1475.296},{"cy":730.028,"timestamp":17472.097885833,"transform_matrix":[[0.82371765,0.2880761,-0.48836592,-0.14073515],[0.08745762,0.78645444,0.611425,-0.38577393],[0.56021446,-0.546353,0.62262213,-0.13095596],[0,0,0,1]],"w":1920,"fl_x":1475.3214,"cx":955.3709,"file_path":"images/61","h":1440,"fl_y":1475.3214},{"cy":730.001,"timestamp":17472.898167166,"transform_matrix":[[0.73850465,0.3575667,-0.57162666,-0.16863336],[0.09345509,0.7853308,0.6119819,-0.3778886],[0.6677403,-0.5053728,0.54655397,-0.1518508],[0,0,0,1]],"w":1920,"fl_x":1474.7366,"cx":955.2831,"file_path":"images/62","h":1440,"fl_y":1474.7366},{"cy":730.00714,"timestamp":17473.748465958,"transform_matrix":[[0.6965583,0.38408324,-0.6060418,-0.17563784],[0.09907664,0.78507733,0.6114226,-0.38904172],[0.71062684,-0.48593605,0.50879836,-0.17439523],[0,0,0,1]],"w":1920,"fl_x":1475.3832,"cx":955.3049,"file_path":"images/63","h":1440,"fl_y":1475.3832},{"cy":729.97174,"timestamp":17474.61543725,"transform_matrix":[[0.5536357,0.4581773,-0.69538563,-0.17869535],[0.12179431,0.78150934,0.61189,-0.40194467],[0.82380444,-0.42345822,0.3768681,-0.22197254],[0,0,0,1]],"w":1920,"fl_x":1479.4014,"cx":955.2489,"file_path":"images/64","h":1440,"fl_y":1479.4014},{"cy":729.94604,"timestamp":17475.465736083,"transform_matrix":[[0.28689808,0.5471717,-0.78631604,-0.17160992],[0.08855701,0.8021588,0.59050745,-0.40369716],[0.95385915,-0.2390492,0.18168189,-0.2533286],[0,0,0,1]],"w":1920,"fl_x":1483.4194,"cx":955.1881,"file_path":"images/65","h":1440,"fl_y":1483.4194},{"cy":730.1721,"timestamp":17476.266017291,"transform_matrix":[[0.09603937,0.5634395,-0.8205563,-0.18686758],[0.08275243,0.81699336,0.57067853,-0.39908433],[0.99193174,-0.122710586,0.03183754,-0.28253174],[0,0,0,1]],"w":1920,"fl_x":1484.7528,"cx":955.3375,"file_path":"images/66","h":1440,"fl_y":1484.7528},{"cy":730.2213,"timestamp":17476.98293575,"transform_matrix":[[0.017281184,0.57105064,-0.820733,-0.19734636],[0.08770691,0.81682557,0.5701786,-0.3952484],[0.9959964,-0.08183732,-0.03596937,-0.31041288],[0,0,0,0.99999994]],"w":1920,"fl_x":1482.2352,"cx":955.4492,"file_path":"images/67","h":1440,"fl_y":1482.2352},{"cy":730.2411,"timestamp":17477.816562125,"transform_matrix":[[-0.087976955,0.5750797,-0.8133532,-0.20720187],[0.07842819,0.8179834,0.5698703,-0.39369124],[0.9930302,-0.01365436,-0.117066145,-0.33054155],[0,0,0,0.9999998]],"w":1920,"fl_x":1479.7137,"cx":955.3008,"file_path":"images/68","h":1440,"fl_y":1479.7137},{"cy":730.2672,"timestamp":17478.666860833,"transform_matrix":[[-0.1771314,0.55554944,-0.81239724,-0.21890159],[0.051490285,0.82955045,0.5560528,-0.39829642],[0.9828393,0.05666384,-0.17554483,-0.34779796],[0,0,0,1]],"w":1920,"fl_x":1477.2034,"cx":955.4582,"file_path":"images/69","h":1440,"fl_y":1477.2034},{"cy":730.22424,"timestamp":17479.700557041,"transform_matrix":[[-0.3152507,0.56214255,-0.76459974,-0.18659428],[0.06638109,0.81677127,0.5731302,-0.41048086],[0.9466839,0.12992473,-0.29480335,-0.37172377],[0,0,0,0.9999999]],"w":1920,"fl_x":1480.9272,"cx":955.6265,"file_path":"images/70","h":1440,"fl_y":1480.9272},{"cy":730.26794,"timestamp":17480.500838083,"transform_matrix":[[-0.40433922,0.5443164,-0.735003,-0.16391727],[0.099783525,0.8250817,0.55613256,-0.41959372],[0.9091496,0.15152502,-0.38792673,-0.39254263],[0,0,0,1]],"w":1920,"fl_x":1485.8973,"cx":955.40564,"file_path":"images/71","h":1440,"fl_y":1485.8973},{"cy":730.34375,"timestamp":17481.334464083,"transform_matrix":[[-0.48148206,0.5312424,-0.6971059,-0.14984234],[0.121645525,0.828176,0.5471079,-0.42624077],[0.86797315,0.17862278,-0.46337515,-0.42506927],[0,0,0,1]],"w":1920,"fl_x":1487.1506,"cx":955.2595,"file_path":"images/72","h":1440,"fl_y":1487.1506},{"cy":730.3533,"timestamp":17482.368160333,"transform_matrix":[[-0.56127673,0.49677286,-0.66195565,-0.1456924],[0.12393542,0.84125376,0.5262436,-0.4280622],[0.8182961,0.21332856,-0.53374386,-0.4447253],[0,0,0,1]],"w":1920,"fl_x":1486.4857,"cx":955.16534,"file_path":"images/73","h":1440,"fl_y":1486.4857},{"cy":730.30096,"timestamp":17486.586307041,"transform_matrix":[[-0.99080104,0.098917104,-0.09235154,-0.04848503],[0.031055212,0.8304172,0.55627596,-0.3996008],[0.13171552,0.54829085,-0.8258502,-0.5339081],[0,0,0,1.0000001]],"w":1920,"fl_x":1479.4703,"cx":955.7221,"file_path":"images/74","h":1440,"fl_y":1479.4703},{"cy":730.2972,"timestamp":17487.369916041,"transform_matrix":[[-0.9975508,0.06982343,0.004122246,-0.023477947],[0.06082919,0.8369415,0.5439014,-0.39367738],[0.03452699,0.5428201,-0.839139,-0.5406715],[0,0,0,0.99999994]],"w":1920,"fl_x":1476.6149,"cx":955.72174,"file_path":"images/75","h":1440,"fl_y":1476.6149},{"cy":730.34753,"timestamp":17488.2368875,"transform_matrix":[[-0.9957862,0.0018274415,0.091686904,0.019820968],[0.0536309,0.8226075,0.5660749,-0.40278205],[-0.07438784,0.5686068,-0.8192393,-0.5466117],[0,0,0,1]],"w":1920,"fl_x":1475.9064,"cx":955.472,"file_path":"images/76","h":1440,"fl_y":1475.9064},{"cy":730.3741,"timestamp":17488.903788583,"transform_matrix":[[-0.9788746,-0.029268533,0.20235558,0.06825685],[0.09182338,0.82134986,0.56298566,-0.40434548],[-0.18268248,0.56967336,-0.801311,-0.540743],[0,0,0,0.9999999]],"w":1920,"fl_x":1476.6875,"cx":955.44946,"file_path":"images/77","h":1440,"fl_y":1476.6875},{"cy":730.29193,"timestamp":17489.520671958,"transform_matrix":[[-0.95183355,-0.08050151,0.29585895,0.09435358],[0.10466044,0.8216632,0.560282,-0.3996609],[-0.28819993,0.5642598,-0.77366126,-0.5283468],[0,0,0,1]],"w":1920,"fl_x":1477.1598,"cx":955.16534,"file_path":"images/78","h":1440,"fl_y":1477.1598},{"cy":730.32043,"timestamp":17490.154227833,"transform_matrix":[[-0.92211986,-0.1393587,0.3609352,0.11279776],[0.0950552,0.8226874,0.5604909,-0.39156538],[-0.37504607,0.55114853,-0.7453696,-0.5230949],[0,0,0,0.99999994]],"w":1920,"fl_x":1476.5712,"cx":955.1887,"file_path":"images/79","h":1440,"fl_y":1476.5712},{"cy":730.2876,"timestamp":17490.837801291,"transform_matrix":[[-0.89138544,-0.1682923,0.42084405,0.14821057],[0.105727546,0.82569027,0.55412763,-0.39023748],[-0.44074216,0.53843606,-0.71821517,-0.51994973],[0,0,0,1]],"w":1920,"fl_x":1476.0154,"cx":955.2216,"file_path":"images/80","h":1440,"fl_y":1476.0154},{"cy":730.2825,"timestamp":17491.571392,"transform_matrix":[[-0.85611415,-0.2094814,0.47242585,0.17215005],[0.10483502,0.82475466,0.55568826,-0.39588657],[-0.50604177,0.5252593,-0.68412304,-0.5107869],[0,0,0,0.99999994]],"w":1920,"fl_x":1474.0753,"cx":955.15814,"file_path":"images/81","h":1440,"fl_y":1474.0753},{"cy":730.2784,"timestamp":17492.254965041,"transform_matrix":[[-0.8299487,-0.24011382,0.503518,0.17447582],[0.09838916,0.8254628,0.5558153,-0.4013406],[-0.5490943,0.5108389,-0.66146725,-0.49567306],[0,0,0,0.9999999]],"w":1920,"fl_x":1475.405,"cx":955.14374,"file_path":"images/82","h":1440,"fl_y":1475.405},{"cy":730.25684,"timestamp":17492.98855575,"transform_matrix":[[-0.764077,-0.32333753,0.5582466,0.18582481],[0.087359816,0.80550206,0.5861185,-0.4044444],[-0.63918275,0.496608,-0.5872188,-0.45840523],[0,0,0,1]],"w":1920,"fl_x":1477.7992,"cx":955.28125,"file_path":"images/83","h":1440,"fl_y":1477.7992},{"cy":730.0862,"timestamp":17493.772163708,"transform_matrix":[[-0.6781351,-0.39545697,0.6194728,0.18182445],[0.08581269,0.79452103,0.60114264,-0.3990497],[-0.72991014,0.46081457,-0.50485736,-0.42922926],[0,0,0,0.99999994]],"w":1920,"fl_x":1484.5748,"cx":955.1972,"file_path":"images/84","h":1440,"fl_y":1484.5748},{"cy":730.077,"timestamp":17494.872549416,"transform_matrix":[[-0.54161596,-0.48551866,0.68623894,0.20084581],[0.076117046,0.78466386,0.6152306,-0.38676098],[-0.83717275,0.3854532,-0.38803023,-0.39932156],[0,0,0,0.9999999]],"w":1920,"fl_x":1484.5966,"cx":955.3343,"file_path":"images/85","h":1440,"fl_y":1484.5966},{"cy":729.9469,"timestamp":17495.622812625,"transform_matrix":[[-0.46632698,-0.5309665,0.70754063,0.22173984],[0.09087152,0.76684725,0.63536435,-0.37479794],[-0.8799327,0.36058283,-0.3093518,-0.37136114],[0,0,0,0.99999994]],"w":1920,"fl_x":1482.7438,"cx":955.25745,"file_path":"images/86","h":1440,"fl_y":1482.7438},{"cy":729.86285,"timestamp":17496.589818166,"transform_matrix":[[-0.31669095,-0.60735756,0.72857654,0.22858243],[0.069911726,0.7510768,0.6565029,-0.36778045],[-0.94594896,0.25884455,-0.1953978,-0.33478177],[0,0,0,1]],"w":1920,"fl_x":1478.3768,"cx":955.3447,"file_path":"images/87","h":1440,"fl_y":1478.3768},{"cy":729.6715,"timestamp":17497.473461083,"transform_matrix":[[-0.18117805,-0.6649732,0.7245587,0.22167073],[0.047077436,0.73004264,0.6817781,-0.36882147],[-0.9823229,0.15763362,-0.100962505,-0.3080341],[0,0,0,1]],"w":1920,"fl_x":1480.3024,"cx":955.3955,"file_path":"images/88","h":1440,"fl_y":1480.3024},{"cy":729.5022,"timestamp":17498.423794166,"transform_matrix":[[-0.061476942,-0.7027439,0.70878184,0.21291117],[0.04281043,0.707615,0.7053002,-0.37115145],[-0.99719,0.07370297,-0.01341724,-0.2732409],[0,0,0,1]],"w":1920,"fl_x":1482.1189,"cx":955.55237,"file_path":"images/89","h":1440,"fl_y":1482.1189},{"cy":729.3834,"timestamp":17499.257419458,"transform_matrix":[[0.061514955,-0.71190125,0.6995802,0.19882555],[0.022987181,0.7017322,0.7120698,-0.3680433],[-0.99784136,-0.027721563,0.059531625,-0.25358176],[0,0,0,0.99999994]],"w":1920,"fl_x":1483.485,"cx":955.575,"file_path":"images/90","h":1440,"fl_y":1483.485},{"cy":728.47076,"timestamp":17503.959067,"transform_matrix":[[0.8631008,-0.45159623,0.226093,0.10184918],[0.07564918,0.5582353,0.82622683,-0.31191364],[-0.4993339,-0.6960132,0.5159762,-0.15500125],[0,0,0,1]],"w":1920,"fl_x":1475.3105,"cx":955.3828,"file_path":"images/91","h":1440,"fl_y":1475.3105},{"cy":728.40405,"timestamp":17504.809365375,"transform_matrix":[[0.9082394,-0.37967226,0.17592643,0.08633682],[0.08282664,0.5752186,0.81379557,-0.32050216],[-0.41017175,-0.72454983,0.55388325,-0.13784842],[0,0,0,0.99999994]],"w":1920,"fl_x":1475.089,"cx":955.4475,"file_path":"images/92","h":1440,"fl_y":1475.089},{"cy":728.44086,"timestamp":17505.542956375,"transform_matrix":[[0.9567042,-0.27491978,0.09558381,0.069917575],[0.08525915,0.5786913,0.8110779,-0.30668592],[-0.2782948,-0.76781213,0.5770759,-0.129918],[0,0,0,1]],"w":1920,"fl_x":1473.585,"cx":955.3771,"file_path":"images/93","h":1440,"fl_y":1473.585},{"cy":728.6387,"timestamp":17508.027160916,"transform_matrix":[[0.73230416,-0.5814752,0.35442522,0.16075258],[0.07906553,0.58954644,0.8038556,-0.3087422],[-0.6763722,-0.56064385,0.47770196,-0.16925319],[0,0,0,1]],"w":1920,"fl_x":1472.8146,"cx":955.4918,"file_path":"images/94","h":1440,"fl_y":1472.8146},{"cy":728.38196,"timestamp":17509.894482875,"transform_matrix":[[0.9455698,-0.2944935,0.13846065,0.07956558],[0.057396516,0.56974065,0.8198179,-0.3039107],[-0.32031772,-0.76724774,0.5556324,-0.13285999],[0,0,0,0.99999994]],"w":1920,"fl_x":1473.3306,"cx":955.2951,"file_path":"images/95","h":1440,"fl_y":1473.3306},{"cy":728.3757,"timestamp":17510.761453916,"transform_matrix":[[0.97653633,-0.19955544,0.080960065,0.044358812],[0.04749364,0.56625056,0.8228638,-0.29978877],[-0.21005058,-0.7997112,0.5624418,-0.11947302],[0,0,0,1]],"w":1920,"fl_x":1472.1716,"cx":955.5646,"file_path":"images/96","h":1440,"fl_y":1472.1716},{"cy":728.3885,"timestamp":17511.578407541,"transform_matrix":[[0.99382627,-0.11067397,0.0077707344,0.024165578],[0.057164658,0.57083464,0.8190726,-0.2971076],[-0.095085815,-0.81357175,0.5736372,-0.11846191],[0,0,0,0.9999999]],"w":1920,"fl_x":1471.5249,"cx":955.6212,"file_path":"images/97","h":1440,"fl_y":1471.5249},{"cy":728.3809,"timestamp":17512.328670958,"transform_matrix":[[0.99774426,-0.03422868,-0.057748824,0.0038443636],[0.06693916,0.572215,0.81736726,-0.30130622],[0.005067354,-0.8193891,0.5732154,-0.1229866],[0,0,0,1]],"w":1920,"fl_x":1471.5176,"cx":955.44543,"file_path":"images/98","h":1440,"fl_y":1471.5176},{"cy":728.47284,"timestamp":17513.762507083,"transform_matrix":[[0.9874223,0.06522801,-0.14402308,-0.03620837],[0.07946483,0.58276594,0.8087455,-0.30695736],[0.13668458,-0.810018,0.5702527,-0.1286225],[0,0,0,1]],"w":1920,"fl_x":1472.1752,"cx":955.37775,"file_path":"images/99","h":1440,"fl_y":1472.1752}],"fl_x":1476.6439,"cx":955.8266,"cy":730.0842,"w":1920,"depth_integer_scale":1,"fl_y":1476.6439}